1.000000000 0.000000000 0.000000000 -0.000000000 0.000000000 1.000000000 -0.000000000 -0.000000000 0.000000000 -0.000000000 1.000000000 0.000000000
0.999999881 0.000472266 0.000114213 0.000038393 -0.000472243 0.999999881 -0.000196282 -0.000072884 -0.000114306 0.000196228 1.000000000 0.000236486
0.999999881 0.000436472 0.000117287 0.000014316 -0.000436449 0.999999881 -0.000196717 -0.000067799 -0.000117372 0.000196666 1.000000000 0.000167840
0.999999881 0.000416839 0.000097301 0.000029803 -0.000416814 0.999999881 -0.000263136 -0.000046498 -0.000097411 0.000263096 0.999999940 0.000179322
0.999999881 0.000467263 0.000127755 0.000013384 -0.000467234 0.999999881 -0.000227911 -0.000074145 -0.000127862 0.000227851 0.999999940 0.000182210
0.999999881 0.000457725 0.000063906 0.000017590 -0.000457711 0.999999881 -0.000214906 -0.000081862 -0.000064004 0.000214877 1.000000000 0.000203852
0.999999821 0.000568974 0.000073405 0.000074844 -0.000568956 0.999999821 -0.000243171 -0.000065439 -0.000073544 0.000243129 0.999999940 0.000262218
0.999999881 0.000482774 0.000109559 0.000064154 -0.000482749 0.999999881 -0.000228310 -0.000061061 -0.000109669 0.000228257 0.999999940 0.000221829
0.999999881 0.000499680 0.000110779 0.000072466 -0.000499653 0.999999821 -0.000243544 -0.000058087 -0.000110900 0.000243489 0.999999940 0.000235285
0.999999821 0.000571409 0.000143998 0.000066544 -0.000571373 0.999999821 -0.000247444 -0.000048991 -0.000144140 0.000247362 0.999999940 0.000221790
0.999999821 0.000608774 0.000185465 0.000077728 -0.000608720 0.999999762 -0.000293925 -0.000028219 -0.000185643 0.000293812 0.999999940 0.000190950
0.999999821 0.000608340 0.000172836 0.000068522 -0.000608292 0.999999762 -0.000280059 -0.000033617 -0.000173006 0.000279954 0.999999940 0.000171833
0.999999762 0.000702102 0.000178058 0.000059533 -0.000702056 0.999999702 -0.000259133 -0.000024836 -0.000178240 0.000259008 0.999999940 0.000214611
0.999999762 0.000679490 0.000126253 0.000068084 -0.000679463 0.999999762 -0.000217781 -0.000026519 -0.000126401 0.000217695 0.999999940 0.000225017
0.999999762 0.000677945 0.000157086 0.000051209 -0.000677912 0.999999762 -0.000206833 -0.000037303 -0.000157226 0.000206726 0.999999940 0.000219195
0.999999821 0.000586925 0.000151881 0.000028239 -0.000586905 0.999999821 -0.000129889 -0.000081675 -0.000151958 0.000129800 1.000000000 0.000116256
0.999999762 0.000647927 0.000169115 0.000019202 -0.000647902 0.999999762 -0.000146791 -0.000048885 -0.000169210 0.000146681 1.000000000 0.000126586
0.999999821 0.000593254 0.000168169 0.000005574 -0.000593223 0.999999821 -0.000183188 -0.000032565 -0.000168278 0.000183088 0.999999940 0.000097323
0.999999821 0.000624367 0.000161885 0.000016191 -0.000624331 0.999999762 -0.000224765 -0.000002067 -0.000162026 0.000224664 0.999999940 0.000152686
0.999999821 0.000538158 0.000162888 0.000014537 -0.000538132 0.999999821 -0.000159132 -0.000040915 -0.000162974 0.000159044 1.000000000 0.000158342
0.999999762 0.000644088 0.000193451 0.000002192 -0.000644046 0.999999762 -0.000215282 -0.000014823 -0.000193590 0.000215158 0.999999940 0.000194745
0.999999762 0.000653771 0.000224031 0.000016304 -0.000653728 0.999999762 -0.000190276 -0.000014475 -0.000224156 0.000190130 0.999999940 0.000213025
0.999999702 0.000707340 0.000232162 -0.000029486 -0.000707289 0.999999702 -0.000221044 0.000003072 -0.000232318 0.000220880 0.999999940 0.000199773
0.999999702 0.000754595 0.000263853 -0.000024457 -0.000754541 0.999999702 -0.000204553 -0.000033654 -0.000264008 0.000204354 0.999999940 0.000221299
0.999999762 0.000680760 0.000219791 0.000045723 -0.000680713 0.999999762 -0.000215148 -0.000032021 -0.000219937 0.000214998 0.999999940 0.000193630
0.999999762 0.000645509 0.000223840 0.000044221 -0.000645460 0.999999762 -0.000222225 -0.000011437 -0.000223983 0.000222081 0.999999940 0.000203658
0.999999762 0.000644010 0.000276414 0.000019088 -0.000643944 0.999999762 -0.000238252 -0.000008634 -0.000276567 0.000238074 0.999999940 0.000220161
0.999999821 0.000578494 0.000257842 0.000008063 -0.000578449 0.999999821 -0.000177247 -0.000042381 -0.000257944 0.000177098 0.999999940 0.000214145
0.999999762 0.000605600 0.000253014 -0.000023587 -0.000605545 0.999999821 -0.000216005 0.000001436 -0.000253145 0.000215852 0.999999940 0.000205207
0.999999821 0.000538808 0.000252213 -0.000014093 -0.000538759 0.999999821 -0.000193895 -0.000032714 -0.000252317 0.000193760 0.999999940 0.000180559
0.999999821 0.000576936 0.000250246 0.000008368 -0.000576883 0.999999821 -0.000211862 0.000002205 -0.000250368 0.000211717 0.999999940 0.000166852
0.999999821 0.000556782 0.000265378 0.000003034 -0.000556719 0.999999821 -0.000235994 -0.000024628 -0.000265509 0.000235846 0.999999940 0.000139109
0.999999821 0.000501155 0.000267235 -0.000019908 -0.000501098 0.999999881 -0.000210190 -0.000031000 -0.000267341 0.000210056 0.999999940 0.000098888
0.999999821 0.000527874 0.000250023 0.000007259 -0.000527816 0.999999821 -0.000234596 -0.000028579 -0.000250147 0.000234464 0.999999940 0.000181516
1.000000000 -0.000111045 -0.000155417 -0.000035016 0.000110924 0.999999702 -0.000777138 -0.000173488 0.000155503 0.000777121 0.999999702 0.000600062
0.999976933 -0.000751395 -0.006750293 -0.001076753 0.000749251 0.999999642 -0.000320171 -0.003212412 0.006750531 0.000315106 0.999977171 0.006430029
0.999760211 -0.000646878 -0.021883734 -0.005425990 0.000675445 0.999998927 0.001298043 -0.004540409 0.021882869 -0.001312513 0.999759674 0.017078502
0.999750018 -0.000357768 -0.022354530 -0.005260804 0.000231003 0.999983907 -0.005673005 -0.002079505 0.022356192 0.005666422 0.999734044 0.028214127
0.999660730 -0.001784091 -0.025987586 0.001311370 0.001594670 0.999972045 -0.007307806 0.000530493 0.025999894 0.007263884 0.999635577 0.049068075
0.999654949 -0.001350596 -0.026235726 0.000925657 0.001187489 0.999979913 -0.006231583 -0.000485446 0.026243612 0.006198277 0.999636412 0.065357998
0.999643922 -0.000274940 -0.026685966 0.000805733 0.000104683 0.999979675 -0.006381237 -0.002034755 0.026687173 0.006376170 0.999623597 0.081496738
0.999630451 -0.000327066 -0.027180759 0.001033164 0.000136005 0.999975324 -0.007030813 -0.003174303 0.027182383 0.007024517 0.999605834 0.096280761
0.999609113 0.000382501 -0.027955709 0.001047506 -0.000619334 0.999963999 -0.008463565 -0.003182329 0.027951464 0.008477570 0.999573410 0.111989789
0.999748707 0.001618096 -0.022356477 -0.009227389 -0.001805208 0.999963462 -0.008351839 -0.007259618 0.022342144 0.008390099 0.999715149 0.121820964
0.999728262 0.002322902 -0.023193246 -0.009744566 -0.002542623 0.999952137 -0.009448448 -0.008419237 0.023170182 0.009504849 0.999686480 0.136928096
0.999696493 0.002734494 -0.024484115 -0.007339379 -0.002972140 0.999948800 -0.009674968 -0.007835974 0.024456406 0.009744803 0.999653399 0.154865697
0.999692678 0.003268241 -0.024572756 -0.007723294 -0.003566891 0.999920249 -0.012119721 -0.008855021 0.024531187 0.012203645 0.999624491 0.170578972
0.999751747 0.004097485 -0.021901462 -0.012117171 -0.004372458 0.999912024 -0.012521868 -0.010318021 0.021848222 0.012614520 0.999681830 0.185252264
0.999716401 0.002871862 -0.023643957 -0.009219006 -0.003118820 0.999940872 -0.010414641 -0.008421246 0.023612654 0.010485427 0.999666154 0.204605952
0.999677300 0.001507727 -0.025357403 -0.008390876 -0.001792278 0.999935567 -0.011202657 -0.010466188 0.025338883 0.011244488 0.999615669 0.221749067
0.999631763 -0.000932173 -0.027120424 -0.008335376 0.000608709 0.999928594 -0.011932792 -0.012633093 0.027129611 0.011911890 0.999560893 0.238464713
0.999591470 -0.001574665 -0.028539695 -0.007455566 0.001142088 0.999884367 -0.015167039 -0.013306606 0.028560281 0.015128248 0.999477565 0.254906654
0.999590516 -0.000705889 -0.028604824 -0.008214485 0.000374459 0.999932706 -0.011590184 -0.012202607 0.028611081 0.011574725 0.999523640 0.274075836
0.999604166 -0.000769212 -0.028120486 -0.009676567 0.000413044 0.999919653 -0.012669423 -0.010472441 0.028127972 0.012652793 0.999524236 0.290726811
0.999671996 -0.000477399 -0.025603231 -0.014656224 0.000343179 0.999986172 -0.005246452 -0.014513507 0.025605381 0.005235941 0.999658406 0.310947478
0.999635398 0.001549910 -0.026959173 -0.011369063 -0.001756301 0.999969304 -0.007633720 -0.014407475 0.026946517 0.007678284 0.999607384 0.329561263
0.999577284 0.001927487 -0.029010575 -0.011548119 -0.002118420 0.999976277 -0.006552207 -0.015892658 0.028997263 0.006610894 0.999557614 0.348610431
0.999534011 0.001758986 -0.030473273 -0.011139193 -0.002001741 0.999966443 -0.007937508 -0.015662638 0.030458286 0.007994808 0.999504089 0.366145283
0.999494374 0.002139946 -0.031722583 -0.012427166 -0.002322164 0.999980986 -0.005708437 -0.017205428 0.031709764 0.005779216 0.999480426 0.384791464
0.999388099 -0.000340848 -0.034976117 -0.012448930 0.000098120 0.999975920 -0.006941353 -0.016236974 0.034977637 0.006933673 0.999364018 0.402844727
0.999324024 0.000620826 -0.036754735 -0.013205592 -0.000793136 0.999988794 -0.004673724 -0.018838720 0.036751419 0.004699718 0.999313414 0.422476709
0.999277592 -0.000640811 -0.037998978 -0.013871865 0.000435397 0.999985158 -0.005413840 -0.020599622 0.038001888 0.005393385 0.999263048 0.440075010
0.999420285 0.000183199 -0.034044400 -0.023598326 -0.000539291 0.999945223 -0.010450751 -0.019154407 0.034040619 0.010463051 0.999365687 0.454241008
0.999309599 0.000006080 -0.037154168 -0.019862089 -0.000375755 0.999950528 -0.009942752 -0.020433078 0.037152272 0.009949848 0.999260068 0.474751502
0.999296367 0.002300418 -0.037435509 -0.021678574 -0.002624179 0.999959528 -0.008601680 -0.019046918 0.037414212 0.008693864 0.999261975 0.494214624
0.999265611 0.004102306 -0.038095873 -0.023357432 -0.004332101 0.999972939 -0.005951407 -0.021942263 0.038070425 0.006112074 0.999256313 0.514394641
0.999221444 0.003603004 -0.039287966 -0.024245793 -0.003956882 0.999952257 -0.008933261 -0.023775334 0.039253898 0.009081762 0.999188006 0.531418025
0.999169171 0.003850761 -0.040571786 -0.023945186 -0.004438260 0.999886453 -0.014400373 -0.024113778 0.040511724 0.014568477 0.999072850 0.548030019
0.999140501 0.005863815 -0.041035328 -0.025943039 -0.006485236 0.999866068 -0.015026891 -0.024957947 0.040941715 0.015280101 0.999044657 0.566220999
0.999126077 0.003900297 -0.041615464 -0.025860485 -0.004530567 0.999876320 -0.015061535 -0.027225124 0.041551568 0.015236912 0.999020159 0.584561825
0.999109149 0.001813573 -0.042161006 -0.025027527 -0.002596562 0.999825001 -0.018524062 -0.027392499 0.042120032 0.018617034 0.998939097 0.602721334
0.999245286 0.006895213 -0.038224962 -0.032860801 -0.007641322 0.999782443 -0.019407267 -0.027419344 0.038082827 0.019684710 0.999080658 0.620368183
0.999231517 0.007439053 -0.038481705 -0.032848977 -0.008196936 0.999774754 -0.019574434 -0.027253738 0.038327422 0.019874826 0.999067545 0.640160441
0.999222338 0.006000547 -0.038968250 -0.033341900 -0.006747028 0.999795675 -0.019052925 -0.028979179 0.038845960 0.019301027 0.999058783 0.659453928
0.999129057 -0.000227458 -0.041721582 -0.029907480 -0.000609941 0.999798715 -0.020057313 -0.030490194 0.041717738 0.020065296 0.998927891 0.677944720
0.999118507 0.001015006 -0.041963093 -0.030717762 -0.001872925 0.999789894 -0.020410335 -0.032525364 0.041933559 0.020470940 0.998910606 0.697309911
0.999100447 0.002825984 -0.042308573 -0.031902332 -0.003639389 0.999809742 -0.019160813 -0.032203130 0.042246372 0.019297557 0.998920798 0.717637062
0.999048650 0.001680307 -0.043573726 -0.031814560 -0.002534001 0.999805748 -0.019544093 -0.032302860 0.043532420 0.019635916 0.998859048 0.737670481
0.999041080 0.002902003 -0.043684795 -0.032556321 -0.003731796 0.999813974 -0.018925438 -0.033455469 0.043621741 0.019070312 0.998866081 0.758070588
0.999044240 0.003492709 -0.043568619 -0.033798739 -0.004274163 0.999831438 -0.017855912 -0.034222048 0.043498900 0.018025063 0.998890877 0.778264821
0.998776495 0.001697095 -0.049422201 -0.042392842 -0.002443328 0.999883831 -0.015042643 -0.037719980 0.049390938 0.015144993 0.998664618 0.796198547
0.998163998 0.004171004 -0.060424142 -0.044945702 -0.005026576 0.999889135 -0.014014349 -0.038909141 0.060358994 0.014292346 0.998074293 0.815591812
0.997428596 0.005806367 -0.071431264 -0.049027883 -0.006716260 0.999899268 -0.012504430 -0.038142890 0.071351461 0.012952026 0.997367203 0.834844708
0.996335685 0.005855449 -0.085327700 -0.050209619 -0.006996516 0.999890029 -0.013079836 -0.038798429 0.085241720 0.013628903 0.996267140 0.855131209
0.995578349 0.007042557 -0.093669355 -0.053177077 -0.008478685 0.999852419 -0.014942760 -0.039771985 0.093550295 0.015670881 0.995491207 0.873719811
0.994380534 0.007174453 -0.105620667 -0.056766652 -0.008632287 0.999873638 -0.013351860 -0.042418063 0.105511531 0.014188578 0.994316876 0.894035697
0.993209779 0.006523388 -0.116153769 -0.061026476 -0.008365309 0.999846816 -0.015377180 -0.041280881 0.116035670 0.016244426 0.993112147 0.911777079
0.991742074 0.005773904 -0.128118038 -0.064026296 -0.007630082 0.999872923 -0.014001946 -0.042969208 0.128020912 0.014863869 0.991660058 0.931737959
0.990037203 0.004558021 -0.140731990 -0.069383457 -0.006553160 0.999884486 -0.013716703 -0.046037573 0.140653223 0.014502286 0.989952683 0.950737953
0.987844586 0.004652811 -0.155375019 -0.072143734 -0.006582939 0.999907434 -0.011910154 -0.043129358 0.155305222 0.012788204 0.987783790 0.971042752
0.986013830 0.007258432 -0.166505054 -0.085588172 -0.009600904 0.999865949 -0.013267860 -0.046804465 0.166386425 0.014680893 0.985951304 0.983603477
0.982445955 0.009328408 -0.186313659 -0.091294125 -0.011485511 0.999878943 -0.010501726 -0.050999995 0.186193153 0.012457287 0.982434154 1.004662037
0.978597343 0.006474186 -0.205682218 -0.097234674 -0.010670752 0.999756873 -0.019300450 -0.049799398 0.205507249 0.021082155 0.978428423 1.017499089
0.974810421 0.005764751 -0.222959995 -0.102343917 -0.010125481 0.999779165 -0.018420119 -0.050227858 0.222804517 0.020213705 0.974653542 1.037434578
0.972912550 0.008861542 -0.231003135 -0.107086450 -0.013978858 0.999691665 -0.020525251 -0.048326571 0.230750024 0.023198433 0.972736418 1.057294250
0.972308218 0.007755479 -0.233572870 -0.110778123 -0.013164465 0.999679923 -0.021607494 -0.050122730 0.233330518 0.024084009 0.972099125 1.076156259
0.972038031 0.007648746 -0.234698325 -0.114918888 -0.012633191 0.999725342 -0.019741507 -0.050880849 0.234482884 0.022154488 0.971867681 1.097456336
0.971678793 0.009155575 -0.236127362 -0.120137885 -0.014229740 0.999702871 -0.019793905 -0.050518610 0.235875994 0.022593355 0.971520424 1.116963029
0.969370604 0.007439009 -0.245489866 -0.126932144 -0.011758977 0.999800682 -0.016136227 -0.054831348 0.245320931 0.018528692 0.969264805 1.135743737
0.965757966 0.008305701 -0.259311587 -0.135222837 -0.012958687 0.999784172 -0.016239326 -0.055496447 0.259120762 0.019043596 0.965657115 1.154144526
0.961895406 0.008790032 -0.273276061 -0.149585709 -0.012956291 0.999825835 -0.013444644 -0.055824589 0.273110211 0.016472990 0.961841583 1.167716622
0.954756021 0.008375272 -0.297271878 -0.157531247 -0.011427414 0.999898374 -0.008530824 -0.059751868 0.297170162 0.011541907 0.954754710 1.188258529
0.947152913 0.008766295 -0.320662379 -0.167379901 -0.012936547 0.999857247 -0.010877004 -0.056741148 0.320521235 0.014450454 0.947131097 1.202223897
0.938788712 0.008313104 -0.344392836 -0.175664723 -0.010052947 0.999944150 -0.003266492 -0.060928401 0.344346464 0.006528710 0.938819945 1.225646496
0.931308091 0.007412871 -0.364156634 -0.184146702 -0.010173903 0.999932289 -0.005664243 -0.057880223 0.364089936 0.008980054 0.931320429 1.242073894
0.924303174 0.008916317 -0.381554544 -0.193895608 -0.011465967 0.999924600 -0.004409295 -0.058602974 0.381486475 0.008450418 0.924335659 1.261493206
0.917927027 0.012433493 -0.396554232 -0.205233425 -0.014235805 0.999897480 -0.001601836 -0.058914859 0.396493614 0.007115639 0.918009877 1.278864145
0.912634611 0.013674039 -0.408547878 -0.219850451 -0.015010284 0.999887228 -0.000064622 -0.062005110 0.408501029 0.006191395 0.912736893 1.290856957
0.908806026 0.016895702 -0.416876704 -0.230368912 -0.019298960 0.999812484 -0.001550760 -0.060448661 0.416772395 0.009454628 0.908961713 1.309780598
0.902101219 0.017159125 -0.431183398 -0.241167694 -0.019452823 0.999810338 -0.000910386 -0.061711662 0.431085974 0.009208995 0.902263880 1.326259136
0.894246459 0.018060379 -0.447210371 -0.252835065 -0.019609675 0.999806941 0.001165026 -0.062624663 0.447145134 0.007727831 0.894428134 1.342371821
0.887730300 0.019197647 -0.459963411 -0.261126578 -0.021852445 0.999760985 -0.000447897 -0.061600223 0.459844917 0.010448936 0.887937725 1.364583969
0.886838973 0.019977365 -0.461646646 -0.270691037 -0.023221858 0.999729395 -0.001347537 -0.062887087 0.461494803 0.011915340 0.887062967 1.383036733
0.885752022 0.019648725 -0.463742793 -0.280978978 -0.022807514 0.999739110 -0.001203685 -0.063749634 0.463598251 0.011642988 0.885969102 1.399802446
0.883765340 0.016354103 -0.467644483 -0.291648179 -0.019768132 0.999801695 -0.002393987 -0.065941513 0.467512608 0.011360183 0.883913398 1.415066242
0.882368565 0.016289929 -0.470276922 -0.300905824 -0.019476691 0.999808490 -0.001911247 -0.065666132 0.470155686 0.010845866 0.882516861 1.434756994
0.880207300 0.015927294 -0.474322051 -0.310712546 -0.019245893 0.999812424 -0.002142149 -0.066482909 0.474198937 0.011014287 0.880348802 1.452814817
0.878377736 0.012335460 -0.477807939 -0.318933994 -0.018356487 0.999800026 -0.007934025 -0.068378001 0.477614552 0.015739948 0.878428519 1.470347166
0.878115058 0.014681119 -0.478224248 -0.329485983 -0.020719977 0.999758303 -0.007354202 -0.069431685 0.478000641 0.016366631 0.878207028 1.488594532
0.877361894 0.015928674 -0.479564786 -0.340302527 -0.022249751 0.999724269 -0.007500144 -0.069462538 0.479313076 0.017250538 0.877474427 1.505476117
0.875840783 0.015564248 -0.482348889 -0.350137830 -0.021895260 0.999732077 -0.007498076 -0.070745856 0.482102931 0.017128278 0.875947177 1.524679303
0.872946799 0.013062630 -0.487640560 -0.360559434 -0.021411197 0.999703944 -0.011549642 -0.073121041 0.487345338 0.020523192 0.872968137 1.538177490
0.868568420 0.016623555 -0.495290279 -0.373301685 -0.025287103 0.999621928 -0.010794297 -0.073346607 0.494923711 0.021900043 0.868660450 1.556632519
0.863686681 0.019273195 -0.503660858 -0.388416499 -0.025824236 0.999648333 -0.006031080 -0.075137585 0.503367424 0.018215613 0.863880396 1.564760566
0.853018522 0.018359393 -0.521557510 -0.400061637 -0.025235927 0.999662995 -0.006084673 -0.075926647 0.521270156 0.018352328 0.853194416 1.582114935
0.844230592 0.020087494 -0.535603523 -0.414187700 -0.025588362 0.999668539 -0.002840979 -0.077941135 0.535369039 0.016103657 0.844464719 1.596775055
0.829576850 0.018710084 -0.558078945 -0.426961631 -0.024050133 0.999708235 -0.002234097 -0.078717932 0.557874501 0.015275232 0.829784751 1.611323595
0.815671504 0.021834489 -0.578103065 -0.440326005 -0.025519416 0.999672830 0.001750354 -0.077973418 0.577952266 0.013325142 0.815961778 1.630165219
0.807163298 0.019473432 -0.590006948 -0.452861041 -0.028463902 0.999577105 -0.005948774 -0.076853961 0.589641631 0.021595532 0.807376206 1.641679168
0.797712505 0.024634846 -0.602534533 -0.469911546 -0.030188546 0.999543786 0.000899256 -0.080565572 0.602281928 0.017472295 0.798092186 1.658997059
0.783936083 0.026930945 -0.620257139 -0.485114157 -0.031298660 0.999502778 0.003839375 -0.079071514 0.620052159 0.016403396 0.784389138 1.674069762
0.770276904 0.023886764 -0.637261987 -0.498601854 -0.029675338 0.999558330 0.001597436 -0.080424920 0.637018859 0.017680502 0.770645499 1.688415289
0.766418993 0.029309759 -0.641671836 -0.516539574 -0.033009328 0.999435663 0.006224741 -0.082466260 0.641492188 0.016410399 0.766953945 1.692433119
0.753575742 0.032343976 -0.656564772 -0.534051657 -0.032950986 0.999391854 0.011412794 -0.085189551 0.656534672 0.013034057 0.754183173 1.706961036
0.744370162 0.031358447 -0.667030513 -0.548900723 -0.032669626 0.999410808 0.010526760 -0.085875809 0.666967511 0.013955836 0.744956017 1.719714999
0.728991926 0.027371727 -0.683974683 -0.562108457 -0.031754658 0.999476790 0.006153024 -0.085349962 0.683785260 0.017233880 0.729479730 1.729891777
0.714892030 0.028915254 -0.698636651 -0.579127312 -0.032886710 0.999429345 0.007712599 -0.085483484 0.698461056 0.017462188 0.715434968 1.743956327
0.701072276 0.033545766 -0.712300658 -0.597588360 -0.036754183 0.999265075 0.010885534 -0.085916027 0.712142229 0.018548485 0.701789975 1.755644321
0.683633447 0.034042463 -0.729031086 -0.614708900 -0.037135087 0.999240160 0.011837365 -0.086400896 0.728880167 0.018980220 0.684378207 1.767673731
0.666223347 0.037487607 -0.744809389 -0.633181095 -0.037406456 0.999158382 0.016829809 -0.085568406 0.744813442 0.016648272 0.667064905 1.780131102
0.657480359 0.040412813 -0.752386987 -0.636517167 -0.038184974 0.999064565 0.020294273 -0.096912727 0.752503455 0.015386795 0.658408463 1.762953281
0.638464153 0.037167404 -0.768753529 -0.652745306 -0.036494721 0.999171793 0.017998032 -0.098561451 0.768785775 0.016564351 0.639291883 1.772404194
0.620299518 0.036541793 -0.783513248 -0.669290304 -0.036685981 0.999172688 0.017555879 -0.096299216 0.783506513 0.017854046 0.621126890 1.783479929
0.602304399 0.037633114 -0.797378778 -0.688005805 -0.036189683 0.999148369 0.019819763 -0.098709390 0.797445655 0.016919361 0.603153527 1.793497443
0.583399177 0.036382537 -0.811370254 -0.705992043 -0.036215302 0.999167919 0.018763673 -0.099107169 0.811377764 0.018437309 0.584231257 1.802931547
0.560679555 0.035849053 -0.827256322 -0.723377764 -0.034595724 0.999204338 0.019852856 -0.098116688 0.827309728 0.017488450 0.561473668 1.811966419
0.540074289 0.037103504 -0.840798974 -0.742747724 -0.035965443 0.999132633 0.020988738 -0.096559212 0.840848505 0.018904231 0.540940404 1.820083141
0.522406399 0.039356396 -0.851787925 -0.762758374 -0.036589030 0.999048829 0.023720253 -0.100465640 0.851911306 0.018774481 0.523349524 1.823441744
0.503620028 0.038780238 -0.863054454 -0.780877531 -0.038582239 0.999004841 0.022375021 -0.099342853 0.863063395 0.022030061 0.504615068 1.829755664
0.481028408 0.042755157 -0.875661910 -0.802230537 -0.040074363 0.998838484 0.026755290 -0.097750306 0.875788629 0.022221537 0.482183039 1.835829496
0.459935248 0.047003176 -0.886707664 -0.824967325 -0.042067252 0.998630226 0.031115759 -0.100520700 0.886955500 0.022990122 0.461282402 1.844305992
0.438007176 0.043567695 -0.897915184 -0.841520429 -0.042752028 0.998704314 0.027603444 -0.096958600 0.897954464 0.026297191 0.439302236 1.848319769
0.418518156 0.049822595 -0.906840801 -0.865338981 -0.045211148 0.998399079 0.033987388 -0.098260134 0.907082438 0.026774980 0.420100719 1.855731606
0.396604031 0.047503926 -0.916759908 -0.884012699 -0.044995666 0.998465776 0.032271907 -0.097589090 0.916886449 0.028451052 0.398132920 1.860935688
0.382465571 0.045857526 -0.922830939 -0.897775114 -0.046798430 0.998447180 0.030219531 -0.098771185 0.922783732 0.031629119 0.384017617 1.861045718
0.362975329 0.046619732 -0.930631757 -0.918916464 -0.046125162 0.998422205 0.032025415 -0.097767919 0.930656433 0.031301115 0.364552915 1.867041826
0.345168561 0.047959689 -0.937314451 -0.939870894 -0.043204155 0.998446763 0.035177600 -0.097952977 0.937545836 0.028353672 0.346704453 1.873802066
0.322259218 0.046232808 -0.945521832 -0.959626794 -0.041999217 0.998521507 0.034509853 -0.097999483 0.945719361 0.028590059 0.323724508 1.879527688
0.308392227 0.045885019 -0.950151980 -0.979236007 -0.044357456 0.998443127 0.033819940 -0.095464095 0.950224519 0.031716522 0.309947401 1.885920644
0.305391103 0.046826530 -0.951074898 -1.000703096 -0.043720938 0.998426318 0.035119049 -0.096583262 0.951222718 0.030856850 0.306957841 1.893884897
0.303117514 0.045511726 -0.951865792 -1.020818353 -0.043443069 0.998480439 0.033906259 -0.095749281 0.951962352 0.031074397 0.304634094 1.900366306
0.300533503 0.042221315 -0.952836275 -1.039441586 -0.043416422 0.998589814 0.030554751 -0.095805556 0.952782571 0.032186020 0.301942736 1.905888438
0.297865033 0.043569826 -0.953613102 -1.060169816 -0.043367594 0.998544157 0.032076627 -0.097123891 0.953622401 0.031801410 0.299320936 1.913012624
0.295722395 0.041531149 -0.954370677 -1.079527259 -0.042968474 0.998621583 0.030142538 -0.097845644 0.954307020 0.032094039 0.297099322 1.918878078
0.293329418 0.035911955 -0.955336750 -1.096557021 -0.042045295 0.998811901 0.024636513 -0.096034586 0.955086350 0.032940805 0.294490904 1.925099969
0.293838859 0.043379761 -0.954870045 -1.111521006 -0.045230199 0.998481691 0.031442504 -0.101220407 0.954784214 0.033949941 0.295354784 1.926002026
0.291859835 0.041688979 -0.955551982 -1.130670071 -0.046884194 0.998472273 0.029241385 -0.100278087 0.955311358 0.036265917 0.293368489 1.930457473
0.279747099 0.039015979 -0.959280550 -1.150572419 -0.040965486 0.998749077 0.028674804 -0.102414563 0.959199369 0.031275708 0.280995429 1.934738159
0.258048832 0.041221838 -0.965251982 -1.171930313 -0.037337653 0.998768568 0.032671392 -0.102691561 0.965410113 0.027609445 0.259270132 1.938649774
0.240113169 0.038796660 -0.969969213 -1.191138148 -0.039656866 0.998759031 0.030131228 -0.100774884 0.969934523 0.031231048 0.241353720 1.942957878
0.219228491 0.038003549 -0.974933088 -1.210250616 -0.038857255 0.998788536 0.030195788 -0.102253363 0.974899411 0.031263463 0.220439583 1.943388462
0.196610659 0.038473252 -0.979726493 -1.231004715 -0.037125126 0.998805463 0.031772222 -0.101997413 0.979778469 0.030125728 0.197804123 1.944893599
0.174413264 0.038531259 -0.983918250 -1.251900077 -0.037461091 0.998770416 0.032472368 -0.102256745 0.983959734 0.031195050 0.175642192 1.945891142
0.155444592 0.039122790 -0.987069547 -1.271948934 -0.037560299 0.998727143 0.033669792 -0.101387471 0.987130284 0.031840857 0.156716153 1.946236014
0.132745802 0.040278167 -0.990331352 -1.292589188 -0.037440334 0.998664737 0.035598513 -0.100777566 0.990442693 0.032352794 0.134076521 1.945456386
0.109248027 0.043618675 -0.993057013 -1.314946175 -0.037650011 0.998501599 0.039715856 -0.099339470 0.993301213 0.033049744 0.110726550 1.946597219
0.087611958 0.042107821 -0.995264292 -1.332479477 -0.038024772 0.998519421 0.038898245 -0.100950539 0.995428681 0.034436747 0.089083381 1.945093989
0.065028198 0.044850621 -0.996875048 -1.353795528 -0.036283504 0.998435140 0.042553958 -0.101804785 0.997223556 0.033402912 0.066553779 1.944249153
0.043688424 0.040192243 -0.998236358 -1.372300267 -0.035243422 0.998630524 0.038665656 -0.100094825 0.998423398 0.033492018 0.045045100 1.943732619
0.024684772 0.039470065 -0.998915732 -1.392945886 -0.034786470 0.998649001 0.038599893 -0.100634903 0.999089837 0.033795923 0.026024461 1.941702604
0.005041175 0.039599217 -0.999202847 -1.414065361 -0.036893211 0.998542786 0.039386909 -0.098707750 0.999306560 0.036665250 0.006494768 1.939741135
-0.016412027 0.038877528 -0.999109149 -1.432775021 -0.034926917 0.998611629 0.039431896 -0.097592518 0.999255180 0.035542969 -0.015031368 1.936417103
-0.039954722 0.047360517 -0.998078465 -1.456656694 -0.033979971 0.998233914 0.048728168 -0.098581806 0.998623550 0.035861604 -0.038274854 1.931464195
-0.072126612 0.045957755 -0.996336102 -1.474340320 -0.031939708 0.998319089 0.048361391 -0.097111896 0.996883929 0.035310831 -0.070537478 1.926305175
-0.100115754 0.049296830 -0.993753791 -1.495723248 -0.031820677 0.998102367 0.052718330 -0.099154145 0.994466782 0.036899857 -0.098357141 1.922485948
-0.124936283 0.042194538 -0.991267025 -1.511516333 -0.031553105 0.998420954 0.046475898 -0.097123832 0.991662920 0.037084077 -0.123407640 1.917029142
-0.148604155 0.045072190 -0.987868965 -1.532582760 -0.031561833 0.998235703 0.050292991 -0.097073674 0.988392949 0.038652699 -0.146919385 1.910202503
-0.175368130 0.051021524 -0.983179808 -1.554532528 -0.030389905 0.997899771 0.057205990 -0.095846869 0.984033823 0.039910845 -0.173449278 1.903101206
-0.197517470 0.045646224 -0.979236066 -1.571244836 -0.032079414 0.998079419 0.052995186 -0.095669538 0.979774356 0.041880798 -0.195673794 1.895445943
-0.221615970 0.042843010 -0.974192560 -1.589836836 -0.033195391 0.998123884 0.051446989 -0.096529081 0.974568725 0.043740172 -0.219778046 1.889611125
-0.243417457 0.044542719 -0.968898356 -1.610006452 -0.032505579 0.998009145 0.054047436 -0.095492408 0.969376624 0.044650685 -0.241484925 1.881473422
-0.268408328 0.044854548 -0.962260425 -1.628397942 -0.032332193 0.997933030 0.055535983 -0.092926025 0.962762415 0.046018302 -0.266403347 1.872672796
-0.294003695 0.045240249 -0.954733074 -1.647517443 -0.032159116 0.997845471 0.057186320 -0.092968985 0.955263138 0.047516353 -0.291915298 1.862881422
-0.319738716 0.046544828 -0.946361899 -1.666493773 -0.031103773 0.997738838 0.059580453 -0.091690734 0.946995020 0.048485599 -0.317568004 1.852809906
-0.344472557 0.047004480 -0.937618971 -1.686695337 -0.028827678 0.997745216 0.060609743 -0.090538129 0.938353598 0.047907766 -0.342340827 1.844878197
-0.368067503 0.047237862 -0.928598344 -1.704323053 -0.029008767 0.997639060 0.062248141 -0.090564206 0.929346442 0.049849018 -0.365828156 1.833310127
-0.393720835 0.046141028 -0.918071270 -1.721953869 -0.026188260 0.997771025 0.061377622 -0.088663243 0.918856978 0.048208330 -0.391634852 1.823623538
-0.413637638 0.046076488 -0.909274936 -1.742826343 -0.024966743 0.997768879 0.061918426 -0.087292887 0.910099208 0.048313420 -0.411564410 1.816709638
-0.421394914 0.045651205 -0.905727446 -1.763740897 -0.020490076 0.997997999 0.059835017 -0.086490102 0.906645715 0.043772593 -0.419615805 1.809514284
-0.423845977 0.047937348 -0.904464841 -1.779982567 -0.019228503 0.997897089 0.061900098 -0.087073565 0.905530155 0.043627605 -0.422032893 1.797405839
-0.446507126 0.052458987 -0.893240929 -1.798093796 -0.018457305 0.997527540 0.067809932 -0.085156560 0.894589722 0.046764437 -0.444434971 1.783552527
-0.466254026 0.050235201 -0.883223355 -1.816880941 -0.017989201 0.997641563 0.066239484 -0.085191004 0.884467900 0.046772912 -0.464250773 1.773010731
-0.480316401 0.050457634 -0.875642657 -1.836044788 -0.020623332 0.997418165 0.068787284 -0.084288940 0.876852691 0.051098328 -0.478035778 1.761278033
-0.494928062 0.048394933 -0.867585182 -1.851398230 -0.018746844 0.997620761 0.066342905 -0.083745629 0.868731678 0.049099449 -0.492843270 1.750064254
-0.507167697 0.048099544 -0.860504091 -1.868055582 -0.017614463 0.997654438 0.066147506 -0.083261281 0.861667335 0.048705194 -0.505130827 1.738261223
-0.518681347 0.047337111 -0.853656113 -1.886728764 -0.018866094 0.997589231 0.066781558 -0.081682287 0.854759395 0.050743505 -0.516537905 1.726071119
-0.534452140 0.046462446 -0.843920767 -1.900306463 -0.019208794 0.997562230 0.067086115 -0.081352100 0.844980478 0.052065019 -0.532256722 1.711317778
-0.549926460 0.044945404 -0.834002852 -1.917680979 -0.019822557 0.997567415 0.066830724 -0.079577610 0.834977686 0.053284056 -0.547697842 1.698621631
-0.568780005 0.047039304 -0.821143508 -1.934354067 -0.016109716 0.997534573 0.068302572 -0.080316171 0.822332084 0.052077517 -0.566619873 1.685167313
-0.584062636 0.043718785 -0.810530245 -1.944753766 -0.017688379 0.997625828 0.066556558 -0.079132959 0.811515629 0.053210191 -0.581902862 1.670709848
-0.607397616 0.045103986 -0.793116391 -1.958497763 -0.013622918 0.997648656 0.067168526 -0.078477085 0.794281065 0.051602565 -0.605355263 1.656687260
-0.631118476 0.046460964 -0.774293661 -1.972159982 -0.010379871 0.997609317 0.068321392 -0.078940734 0.775616944 0.051155962 -0.629127502 1.641990662
-0.649148226 0.039854534 -0.759616971 -1.986114979 -0.016699944 0.997638941 0.066614062 -0.075797796 0.760478497 0.055927970 -0.646950126 1.626968741
-0.663455009 0.042172633 -0.747026563 -2.000434399 -0.016857071 0.997314334 0.071273610 -0.075940877 0.748026133 0.059879526 -0.660962522 1.608580112
-0.681353629 0.036860898 -0.731025517 -2.011703253 -0.017170215 0.997651398 0.066308647 -0.073403835 0.731752872 0.057731509 -0.679120660 1.595138907
-0.695152104 0.039423130 -0.717780828 -2.022545338 -0.015071683 0.997476339 0.069381535 -0.076579951 0.718704700 0.059048884 -0.692803562 1.575438619
-0.715818107 0.037517518 -0.697278261 -2.037320375 -0.011480755 0.997788310 0.065472662 -0.073655643 0.698192477 0.054871794 -0.713804126 1.563067555
-0.730597079 0.037234407 -0.681792855 -2.049778461 -0.010348198 0.997793674 0.065580919 -0.073135361 0.682730496 0.054968566 -0.728599668 1.545876265
-0.743494630 0.035081640 -0.667821050 -2.058850288 -0.011599403 0.997796357 0.065329507 -0.072863072 0.668641329 0.056318466 -0.741449237 1.528279781
-0.761085033 0.033409715 -0.647791147 -2.069054842 -0.010608818 0.997897923 0.063930623 -0.070488691 0.648565292 0.055528942 -0.759130716 1.511336327
-0.779362321 0.036456145 -0.625511885 -2.080158949 -0.008528052 0.997596264 0.068767600 -0.070647895 0.626515269 0.058929279 -0.777178168 1.491635680
-0.796066821 0.035009980 -0.604195237 -2.088803053 -0.007715696 0.997657180 0.067974992 -0.071288303 0.605159521 0.058774423 -0.793931663 1.475091934
-0.809727848 0.031649951 -0.585951447 -2.097892523 -0.009664197 0.997689664 0.067244820 -0.069473319 0.586725950 0.060112756 -0.807551324 1.456747293
-0.823283136 0.030168988 -0.566828668 -2.103632927 -0.010226216 0.997636259 0.067951299 -0.069395162 0.567538798 0.061739668 -0.821028531 1.437268138
-0.839002430 0.031985171 -0.543186784 -2.114558458 -0.009884793 0.997210264 0.073987998 -0.066603377 0.544037938 0.067445397 -0.836345494 1.415703773
-0.853899121 0.029952195 -0.519575894 -2.119471788 -0.008425176 0.997416079 0.071344823 -0.065691732 0.520370364 0.065298788 -0.851440370 1.397668362
-0.867139757 0.030668434 -0.497119725 -2.130039930 -0.008667059 0.997022152 0.076626733 -0.063899145 0.497989386 0.070754647 -0.864291787 1.377089262
-0.881204307 0.030278426 -0.471764952 -2.135562181 -0.005672525 0.997197688 0.074596941 -0.065044820 0.472701550 0.068411246 -0.878563106 1.358474016
-0.892536044 0.030246748 -0.449960709 -2.141664028 -0.005379462 0.996963263 0.077687338 -0.062992685 0.450944185 0.071759291 -0.889662862 1.337417841
-0.902426004 0.029022345 -0.429866314 -2.146223783 -0.003970129 0.997126102 0.075655349 -0.062361956 0.430826634 0.069979966 -0.899717212 1.318132043
-0.910314143 0.027979329 -0.412971497 -2.152814627 -0.003392167 0.997175038 0.075037189 -0.061774697 0.413904339 0.069708265 -0.907647491 1.298475623
-0.920195937 0.027456174 -0.390494019 -2.157281399 -0.002045565 0.997186363 0.074933901 -0.061861653 0.391452730 0.069752648 -0.917550743 1.277957082
-0.929052055 0.027993608 -0.368888438 -2.162564039 0.000103795 0.997152746 0.075408891 -0.060410224 0.369949073 0.070020482 -0.926409602 1.258391500
-0.936324239 0.026693949 -0.350120336 -2.167340040 0.000331260 0.997172832 0.075140774 -0.059791185 0.351136297 0.070240147 -0.933686018 1.238882422
-0.943916500 0.028071331 -0.328988969 -2.173862457 0.002884126 0.997042358 0.076798722 -0.058136243 0.330171853 0.071542747 -0.941205621 1.217510819
-0.949006975 0.027414726 -0.314060628 -2.175931454 0.004202705 0.997223377 0.074349366 -0.057145309 0.315226883 0.069238178 -0.946487248 1.198781490
-0.956923723 0.030354999 -0.288748145 -2.181214333 0.008970121 0.997135758 0.075097740 -0.057486966 0.290200740 0.069272719 -0.954455256 1.178739071
-0.962922335 0.030334713 -0.268067926 -2.186181068 0.010804027 0.997197092 0.074034393 -0.054873593 0.269562393 0.068393171 -0.960551083 1.158908844
-0.967914701 0.026975229 -0.249826670 -2.186524391 0.008387462 0.997135401 0.075170517 -0.054140251 0.251138806 0.070663266 -0.965368330 1.137584209
-0.973289251 0.025345355 -0.228178695 -2.185016155 0.008358884 0.997140586 0.075104624 -0.054819141 0.229429796 0.071191199 -0.970718205 1.117531776
-0.978776634 0.026772870 -0.203173280 -2.188358307 0.011559465 0.997063637 0.075699531 -0.052209400 0.204603374 0.071744375 -0.976212144 1.096814513
-0.982359052 0.023812078 -0.185482234 -2.190693140 0.010148167 0.997186482 0.074270971 -0.049916271 0.186728895 0.071078449 -0.979836881 1.075511694
-0.984041631 0.024848228 -0.176194549 -2.197355032 0.011975219 0.997204661 0.073751785 -0.048629820 0.177534625 0.070464864 -0.981588602 1.054764986
-0.984018087 0.021436922 -0.176773518 -2.200834274 0.008127817 0.997099578 0.075672150 -0.047490396 0.177882999 0.073025987 -0.981338322 1.033914089
-0.984573066 0.016655901 -0.174179167 -2.198653936 0.002258444 0.996585846 0.082532428 -0.043782063 0.174959153 0.080865845 -0.981249154 1.010395288
-0.985345483 0.018817265 -0.169529408 -2.203756571 0.003419605 0.995875776 0.090663701 -0.046031218 0.170536265 0.088755339 -0.981345952 0.984931290
-0.986203849 0.017465085 -0.164611459 -2.205366135 0.004316676 0.996793747 0.079897016 -0.046732619 0.165479079 0.078084178 -0.983117223 0.967390656
-0.987509489 0.016531907 -0.156689286 -2.208375216 0.004085044 0.996832311 0.079428025 -0.043464765 0.157506004 0.077795856 -0.984448910 0.947121382
-0.988153458 0.014429027 -0.152789488 -2.211692095 0.002415635 0.996909440 0.078522503 -0.041802965 0.153450280 0.077223197 -0.985134304 0.925821304
-0.989046752 0.015246461 -0.146813154 -2.214792490 0.002847687 0.996436775 0.084295146 -0.040788133 0.147575200 0.082953781 -0.985565901 0.901542604
-0.990917325 0.023716763 -0.132364064 -2.217417002 0.013090350 0.996662080 0.080581844 -0.041719116 0.133833393 0.078117266 -0.987920225 0.882250667
-0.991298139 0.023156988 -0.129582435 -2.218548298 0.013121163 0.996884823 0.077771842 -0.041020907 0.130979761 0.075394787 -0.988513887 0.864876747
-0.991524398 0.020957042 -0.128218904 -2.219468832 0.010884947 0.996834457 0.078756019 -0.039378762 0.129463539 0.076692842 -0.988613784 0.843480110
-0.992961705 0.024720840 -0.115826659 -2.220342636 0.015201807 0.996487021 0.082357332 -0.040119480 0.117455721 0.080016904 -0.989849091 0.821770668
-0.994956791 0.017684771 -0.098733135 -2.214694262 0.009400968 0.996442854 0.083744012 -0.038531240 0.099862956 0.082393482 -0.991583884 0.801697254
-0.996906281 0.013956153 -0.077350333 -2.214620113 0.007543856 0.996555865 0.082579687 -0.040947232 0.078236446 0.081740685 -0.993578017 0.779281318
-0.998844504 0.013640302 -0.046082377 -2.210094452 0.010316310 0.997379005 0.071614347 -0.036975600 0.046938457 0.071056187 -0.996367216 0.764595509
-0.999605417 0.013202884 -0.024794297 -2.207852125 0.011250500 0.996944666 0.077295445 -0.034868494 0.025739068 0.076986000 -0.996699870 0.741368473
-0.999869108 0.012869709 -0.009803063 -2.206372738 0.012054994 0.996796548 0.079063863 -0.036267955 0.010789183 0.078935318 -0.996821284 0.719535172
-0.999834120 0.011127989 0.014418889 -2.201805353 0.012214545 0.996909618 0.077600978 -0.035355825 -0.013510779 0.077764228 -0.996880233 0.699986219
-0.999625742 0.010972003 0.025059097 -2.204367161 0.012869610 0.996958435 0.076864883 -0.032206584 -0.024139510 0.077158615 -0.996726573 0.679117501
-0.999580622 0.011293110 0.026666669 -2.204191923 0.013278019 0.997059584 0.075470462 -0.031797692 -0.025735967 0.075792886 -0.996791363 0.668057323
-0.999565542 0.010813577 0.027419575 -2.203838348 0.012941173 0.996818721 0.078643590 -0.032070525 -0.026481936 0.078964248 -0.996525705 0.663238227
-0.999552846 0.010983764 0.027811838 -2.203733444 0.013126162 0.996862173 0.078059956 -0.032172993 -0.026867189 0.078390107 -0.996560693 0.664316654
-0.999560714 0.010775328 0.027611135 -2.203696012 0.012863628 0.996978343 0.076607019 -0.032158155 -0.026702240 0.076928526 -0.996678948 0.664474487
-0.999571562 0.010370126 0.027370362 -2.203769684 0.012432355 0.997008502 0.076284170 -0.029878100 -0.026497411 0.076591752 -0.996710360 0.655827820
-0.999565363 0.010980881 0.027360918 -2.204360723 0.013081654 0.996881247 0.077823877 -0.028269401 -0.026421012 0.078147963 -0.996591628 0.638814092
-0.999660790 0.008087134 0.024757380 -2.201349020 0.009978017 0.996963382 0.077231817 -0.029572709 -0.024057612 0.077452645 -0.996705711 0.624654412
