0.999999940 -0.000000000 0.000000002 0.000000000 -0.000000000 1.000000000 -0.000000000 0.000000000 0.000000002 -0.000000000 0.999999940 0.000000000
0.999999940 0.000031712 0.000007691 -0.000004180 -0.000031712 1.000000000 -0.000007807 0.000005586 -0.000007687 0.000007807 0.999999940 0.000010434
0.999999940 0.000034618 0.000020173 0.000001343 -0.000034618 1.000000000 0.000004072 -0.000004657 -0.000020169 -0.000004073 0.999999940 -0.000003583
0.999999940 0.000028892 0.000022560 -0.000009903 -0.000028893 1.000000000 0.000030281 0.000005000 -0.000022556 -0.000030282 0.999999940 -0.000004006
0.999999940 -0.000013370 0.000023031 -0.000000864 0.000013369 1.000000000 0.000018355 0.000016812 -0.000023027 -0.000018355 0.999999940 -0.000000077
0.999999940 -0.000041548 0.000017489 0.000012716 0.000041548 1.000000000 0.000013176 -0.000000938 -0.000017486 -0.000013175 0.999999940 -0.000029120
0.999999940 -0.000050839 0.000007410 0.000023362 0.000050839 1.000000000 0.000024734 -0.000017431 -0.000007407 -0.000024734 0.999999940 -0.000030520
0.999999940 -0.000062993 0.000009543 -0.000000276 0.000062992 1.000000000 0.000023158 -0.000015023 -0.000009540 -0.000023157 0.999999940 -0.000019703
0.999999940 -0.000025570 -0.000008156 0.000019854 0.000025570 1.000000000 0.000029299 -0.000010003 0.000008159 -0.000029299 0.999999940 -0.000012860
0.999999940 -0.000038896 0.000009807 0.000009382 0.000038895 1.000000000 0.000069106 -0.000020789 -0.000009806 -0.000069106 0.999999940 -0.000000183
0.999999940 -0.000078773 0.000027332 -0.000001537 0.000078771 1.000000000 0.000054607 -0.000005338 -0.000027333 -0.000054605 0.999999940 -0.000043534
0.999999940 -0.000080419 0.000041359 -0.000029948 0.000080416 1.000000000 0.000063829 -0.000006920 -0.000041360 -0.000063826 0.999999940 -0.000070480
0.999999762 -0.000530881 -0.000199104 0.000042861 0.000530588 0.999998808 -0.001467216 0.000026912 0.000199886 0.001467110 0.999998868 0.000192174
0.999998987 -0.001373246 -0.000168340 -0.000813568 0.001373122 0.999998808 -0.000733791 -0.000387762 0.000169351 0.000733559 0.999999642 0.004037823
0.999997556 -0.002171258 -0.000219366 -0.000016894 0.002172497 0.999980927 0.005817801 -0.000281241 0.000206729 -0.005818265 0.999983013 0.026485693
0.999999702 0.000238294 0.000736894 -0.000334267 -0.000241763 0.999988854 0.004711515 -0.001018193 -0.000735763 -0.004711691 0.999988616 0.033859562
0.999998391 0.001802670 0.000105257 -0.001185400 -0.001802601 0.999998212 -0.000654479 -0.006520123 -0.000106437 0.000654288 0.999999762 0.050448909
0.999994934 -0.001922369 -0.002517349 -0.000867824 0.001921641 0.999998093 -0.000291567 0.002000391 0.002517901 0.000286728 0.999996722 0.074753679
0.999990463 -0.002862434 -0.003274691 0.006069724 0.002882625 0.999976814 0.006177959 -0.002988165 0.003256927 -0.006187341 0.999975562 0.111164287
0.999992669 0.002513325 0.002858714 0.000915627 -0.002505247 0.999992847 -0.002825467 -0.005504646 -0.002865799 0.002818285 0.999991894 0.139782816
0.999989688 0.000682264 0.004463962 0.000855446 -0.000664308 0.999991715 -0.004022758 -0.001866991 -0.004466673 0.004019751 0.999981940 0.171863198
0.999985099 0.001166971 0.005344611 0.000805645 -0.001254651 0.999864161 0.016431380 -0.000237585 -0.005324710 -0.016437832 0.999850690 0.213603437
0.999944746 0.005769894 0.008796051 -0.000708714 -0.005826259 0.999962509 0.006396021 -0.005128372 -0.008758818 -0.006446913 0.999940813 0.244101986
0.999917030 0.008644317 0.009553444 -0.001883856 -0.008682806 0.999954283 0.003994748 -0.006585808 -0.009518474 -0.004077366 0.999946296 0.278708488
0.999905169 0.010525310 0.008882850 -0.001489262 -0.010561600 0.999935985 0.004048444 -0.008936821 -0.008839671 -0.004141876 0.999952257 0.313079834
0.999967158 0.001956062 0.007871269 0.002694942 -0.001949773 0.999997735 -0.000806591 -0.008049584 -0.007872829 0.000791220 0.999968588 0.345577627
0.999963880 0.002483652 0.008132173 0.003471106 -0.002424814 0.999970853 -0.007237161 -0.005550112 -0.008149911 0.007217182 0.999940693 0.376979679
0.999951303 -0.002852605 0.009449258 0.005535529 0.002930908 0.999961436 -0.008283230 -0.013660102 -0.009425266 0.008310523 0.999921024 0.406409204
0.999941468 0.000566201 0.010807032 0.004570705 -0.000510177 0.999986470 -0.005186106 -0.014399230 -0.010809822 0.005180288 0.999928117 0.442729682
0.999912500 0.006303168 0.011629525 0.005373835 -0.006268840 0.999975979 -0.002985985 -0.015134041 -0.011648066 0.002912819 0.999927878 0.479472458
0.999936461 0.008997002 0.006803686 0.002652179 -0.008951535 0.999937594 -0.006684196 -0.011377306 -0.006863400 0.006622866 0.999954522 0.512814820
0.999894440 0.011695035 0.008623202 0.000724271 -0.011681628 0.999930501 -0.001603359 -0.013971540 -0.008641356 0.001502456 0.999961495 0.550822020
0.999914169 0.011307986 0.006630834 0.002512315 -0.011270782 0.999920726 -0.005621490 -0.015190146 -0.006693877 0.005546272 0.999962211 0.582360506
0.999911785 0.011728461 0.006243299 0.003675794 -0.011758302 0.999919593 0.004764667 -0.019692525 -0.006186916 -0.004837657 0.999969065 0.623686016
0.999957144 0.006509745 0.006585508 0.004153750 -0.006519149 0.999977767 0.001407446 -0.015464071 -0.006576199 -0.001450317 0.999977231 0.653770208
0.999954045 0.006560962 0.006996981 0.004821400 -0.006563032 0.999978423 0.000272872 -0.018750751 -0.006995040 -0.000318780 0.999975383 0.689953208
0.999955177 0.007009349 0.006378523 0.005141342 -0.006998951 0.999974191 -0.001651072 -0.019762397 -0.006389929 0.001606354 0.999978185 0.727554917
0.999952316 0.008067654 0.005519243 0.005360717 -0.008055474 0.999965072 -0.002225559 -0.021872437 -0.005537005 0.002180993 0.999982238 0.764491677
0.999966621 0.006635252 0.004778596 0.006588269 -0.006616107 0.999970078 -0.004011279 -0.022489017 -0.004805068 0.003979529 0.999980509 0.800806284
0.999958158 0.006614990 0.006325167 0.006654074 -0.006580649 0.999963582 -0.005434839 -0.025766011 -0.006360887 0.005392987 0.999965191 0.835354686
0.999945223 0.008754057 0.005743639 0.006249068 -0.008715454 0.999939501 -0.006711997 -0.027331248 -0.005802047 0.006661570 0.999960959 0.872513115
0.999956906 0.007871646 0.004940844 0.007738722 -0.007825511 0.999926269 -0.009288395 -0.027762290 -0.005013594 0.009249328 0.999944627 0.909379303
0.999956250 0.008498380 0.003900327 0.007781526 -0.008467807 0.999933779 -0.007788757 -0.028974229 -0.003966260 0.007755388 0.999962032 0.947978616
0.999956071 0.008247231 0.004451381 0.009279650 -0.008191437 0.999889493 -0.012409922 -0.030149795 -0.004553235 0.012372913 0.999913037 0.984468341
0.999947369 0.007700590 0.006782032 0.007262288 -0.007637611 0.999927938 -0.009263568 -0.030453004 -0.006852876 0.009211280 0.999934077 1.022855282
0.999970019 0.006721225 0.003864434 0.009114673 -0.006699041 0.999961197 -0.005724977 -0.031874616 -0.003902760 0.005698915 0.999976218 1.063673377
0.999969780 0.007160018 0.003055381 0.008817611 -0.007137139 0.999946892 -0.007434642 -0.033246431 -0.003108448 0.007412606 0.999967754 1.101424456
0.999990880 0.004075230 0.001341010 0.011111528 -0.004068417 0.999978960 -0.005044432 -0.036087103 -0.001361536 0.005038925 0.999986470 1.140362263
0.999928951 0.011495470 0.003161244 0.007435763 -0.011497134 0.999933720 0.000508355 -0.035044931 -0.003155190 -0.000544664 0.999994814 1.182909966
0.999975085 0.006928970 0.001325686 0.009107366 -0.006931007 0.999974668 0.001537172 -0.037240952 -0.001315001 -0.001546322 0.999997914 1.220319510
0.999995053 0.002662867 -0.001656232 0.011396032 -0.002664089 0.999996185 -0.000735978 -0.042167075 0.001654267 0.000740386 0.999998271 1.248891115
0.999997437 -0.000060665 -0.002279287 0.012712282 0.000066084 0.999997139 0.002377520 -0.040442366 0.002279136 -0.002377665 0.999994516 1.273020864
0.999995768 0.002889633 -0.000137866 0.011997304 -0.002889836 0.999994755 -0.001490914 -0.040437330 0.000133557 0.001491306 0.999998868 1.295830727
0.999988794 0.004703866 -0.000554138 0.011432689 -0.004701518 0.999980271 0.004166427 -0.041360907 0.000573725 -0.004163774 0.999991059 1.329210162
0.999997437 -0.000974630 -0.002027553 0.013130736 0.000963972 0.999985754 -0.005251145 -0.042805679 0.002032643 0.005249176 0.999984145 1.358377218
0.999993145 0.003474989 -0.001282132 0.011831182 -0.003477481 0.999992013 -0.001946990 -0.043495826 0.001275359 0.001951435 0.999997258 1.382994771
0.999981701 0.006043561 -0.000247862 0.010133576 -0.006044053 0.999979675 -0.002032393 -0.044557631 0.000235576 0.002033853 0.999997914 1.399645925
0.999975324 0.007003422 -0.000481428 0.009426218 -0.007005686 0.999963522 -0.004876692 -0.043801740 0.000447259 0.004879943 0.999988019 1.407492399
0.999977052 0.006766804 0.000053024 0.009262430 -0.006766144 0.999943614 -0.008183612 -0.043912541 -0.000108397 0.008183065 0.999966502 1.405572772
0.999974430 0.007112194 -0.000570640 0.009448797 -0.007114823 0.999963343 -0.004747558 -0.043992240 0.000536855 0.004751496 0.999988556 1.406487703
0.999964118 0.006822892 -0.005009121 0.009097744 -0.006844707 0.999967098 -0.004350777 -0.043880977 0.004979275 0.004384906 0.999978006 1.405875683
0.999928176 0.007088552 -0.009660845 0.008579288 -0.007140045 0.999960303 -0.005305998 -0.043798570 0.009622852 0.005374595 0.999939203 1.405060649
0.999894440 0.007296748 -0.012562593 0.008196330 -0.007364093 0.999958694 -0.005322797 -0.043852210 0.012523241 0.005414748 0.999906898 1.404731393
0.999845803 0.007446815 -0.015897961 0.007933361 -0.007531701 0.999957621 -0.005286293 -0.043751396 0.015857924 0.005405216 0.999859631 1.404530168
0.999793470 0.007331671 -0.018951470 0.007653145 -0.007432627 0.999958456 -0.005262122 -0.043733381 0.018912105 0.005401894 0.999806583 1.404206514
0.999731183 0.007451799 -0.021953709 0.007245392 -0.007565096 0.999958456 -0.005082177 -0.043605953 0.021914927 0.005246893 0.999746084 1.403968811
0.999652863 0.007579092 -0.025232648 0.006851509 -0.007699175 0.999959409 -0.004665283 -0.043725230 0.025196267 0.004857934 0.999670684 1.403391838
0.999577224 0.007888811 -0.027985077 0.006283540 -0.008025317 0.999956429 -0.004768907 -0.043698475 0.027946241 0.004991479 0.999596953 1.402800679
0.999461591 0.008129410 -0.031786401 0.005603481 -0.008285327 0.999954224 -0.004776477 -0.043491870 0.031746127 0.005037265 0.999483228 1.402362108
0.999322653 0.008247300 -0.035861745 0.004955802 -0.008411326 0.999954760 -0.004425413 -0.043564547 0.035823628 0.004724059 0.999346972 1.402207494
0.999089181 0.007912742 -0.041929055 0.004340764 -0.008094043 0.999958575 -0.004155966 -0.043598618 0.041894436 0.004491556 0.999111950 1.401969790
0.998827159 0.008492147 -0.047667034 0.003431655 -0.008705978 0.999952912 -0.004280116 -0.043549020 0.047628447 0.004690085 0.998854101 1.401394606
0.998551190 0.009515743 -0.052962113 0.001162387 -0.009784381 0.999940574 -0.004815261 -0.043289643 0.052913152 0.005326487 0.998584926 1.400163412
0.998184204 0.009329597 -0.059508830 0.000652023 -0.009630573 0.999942243 -0.004772847 -0.043381445 0.059460875 0.005337285 0.998216391 1.399933934
0.997712135 0.009546345 -0.066928007 0.000131726 -0.009887765 0.999939740 -0.004771872 -0.043472975 0.066878423 0.005422725 0.997746348 1.399424434
0.997296870 0.009821223 -0.072818890 -0.000705764 -0.010197571 0.999936521 -0.004798247 -0.043443389 0.072767153 0.005527854 0.997333586 1.399183512
0.996773720 0.009889155 -0.079650849 -0.001799621 -0.010274866 0.999937475 -0.004434113 -0.043565385 0.079602018 0.005238210 0.996812940 1.398912787
0.996077657 0.010402851 -0.087869354 -0.003043063 -0.010829748 0.999931812 -0.004382934 -0.043465029 0.087817766 0.005317346 0.996122420 1.398212552
0.995179117 0.010069191 -0.097555727 -0.004680529 -0.010542946 0.999935091 -0.004341953 -0.043462195 0.097505659 0.005349547 0.995220661 1.397704959
0.993900120 0.010059443 -0.109824561 -0.006957754 -0.010592282 0.999934852 -0.004269376 -0.043480992 0.109774448 0.005406627 0.993941903 1.396998167
0.992199302 0.009938975 -0.124264032 -0.009011239 -0.010484361 0.999938071 -0.003735726 -0.043617550 0.124219216 0.005009415 0.992242157 1.396100163
0.989745021 0.009426036 -0.142534375 -0.011231273 -0.010035614 0.999943376 -0.003558394 -0.043442067 0.142492771 0.004952323 0.989783406 1.395500779
0.987083018 0.010194941 -0.159884706 -0.014327720 -0.010877777 0.999935031 -0.003396125 -0.043537412 0.159839675 0.005091448 0.987129748 1.394716859
0.983669937 0.009597837 -0.179725319 -0.016531631 -0.010347733 0.999941230 -0.003235397 -0.043313749 0.179683715 0.005042313 0.983711421 1.393956900
0.979805946 0.009650617 -0.199717790 -0.018720448 -0.010424309 0.999941647 -0.002822706 -0.043232799 0.199678883 0.004847623 0.979849339 1.393389463
0.975667119 0.009409339 -0.219054922 -0.021005780 -0.010244895 0.999943912 -0.002678761 -0.043318640 0.219017401 0.004857774 0.975708783 1.392030954
0.970469832 0.008630098 -0.241067842 -0.023572534 -0.009508508 0.999951720 -0.002480794 -0.043506667 0.241034761 0.004699731 0.970505059 1.390389681
0.964284003 0.008772272 -0.264724851 -0.026637197 -0.009688227 0.999950647 -0.002154547 -0.043565560 0.264692962 0.004642310 0.964321494 1.388681412
0.958276331 0.008725145 -0.285710365 -0.027755618 -0.009905638 0.999947309 -0.002686823 -0.043619514 0.285671830 0.005404861 0.958312273 1.387195826
0.952077389 0.008226921 -0.305746377 -0.030581295 -0.009476492 0.999951601 -0.002602909 -0.043919936 0.305710167 0.005375574 0.952109456 1.385584831
0.944047570 0.008325028 -0.329704046 -0.033948034 -0.009865378 0.999946773 -0.002999058 -0.043722373 0.329661578 0.006083908 0.944079459 1.382900357
0.935823143 0.009064769 -0.352353096 -0.036165267 -0.010965021 0.999934077 -0.003397583 -0.044042859 0.352299035 0.007043095 0.935860872 1.381253958
0.927776992 0.008470224 -0.373038888 -0.038216621 -0.010415923 0.999940574 -0.003200557 -0.043906022 0.372989625 0.006854947 0.927810133 1.379673243
0.917553484 0.007984384 -0.397532105 -0.041730553 -0.010150961 0.999942839 -0.003345947 -0.043382574 0.397482634 0.007105416 0.917582214 1.377050281
0.906752169 0.009780971 -0.421550602 -0.045018643 -0.011801329 0.999928057 -0.002183879 -0.043889176 0.421498895 0.006955094 0.906802237 1.373157263
0.893725574 0.009493494 -0.448513746 -0.047622740 -0.011318631 0.999935091 -0.001388746 -0.043760810 0.448471457 0.006317720 0.893774867 1.371079803
0.879789233 0.009734085 -0.475264251 -0.051131785 -0.011562018 0.999932766 -0.000923085 -0.043555118 0.475223333 0.006307134 0.879842579 1.368140936
0.863316953 0.010610558 -0.504550517 -0.054831862 -0.013242390 0.999911010 -0.001630691 -0.043164495 0.504488289 0.008089258 0.863380611 1.363029718
0.843616903 0.012283542 -0.536805034 -0.059219956 -0.014281202 0.999898016 0.000436705 -0.042492405 0.536755621 0.007297811 0.843706131 1.359316349
0.823934674 0.012748608 -0.566541255 -0.061938763 -0.016427262 0.999864161 -0.001391103 -0.042103115 0.566446543 0.010452901 0.824032187 1.353832006
0.806712985 0.016245231 -0.590720057 -0.062854648 -0.019588664 0.999807775 0.000744312 -0.041956455 0.590618670 0.010970969 0.806876242 1.351832628
0.805560291 0.016840076 -0.592274368 -0.063701391 -0.020545298 0.999788940 0.000482948 -0.041452423 0.592157304 0.011779411 0.805736184 1.353224516
0.804921091 0.016597630 -0.593149602 -0.063744366 -0.020214619 0.999795556 0.000544650 -0.041415427 0.593037188 0.011551892 0.805092096 1.353169799
0.804117501 0.016843576 -0.594231725 -0.063759804 -0.020372722 0.999792159 0.000770761 -0.041480377 0.594121099 0.011486334 0.804293513 1.353141069
0.803332746 0.016884295 -0.595291018 -0.063688338 -0.020464022 0.999790311 0.000741377 -0.041475188 0.595178723 0.011586472 0.803509772 1.353075147
0.802792430 0.017059578 -0.596014619 -0.063635528 -0.020657178 0.999786317 0.000792777 -0.041464292 0.595900714 0.011675543 0.802973151 1.352892160
0.802073896 0.016974656 -0.596983552 -0.063553691 -0.020545106 0.999788642 0.000824770 -0.041513845 0.596871197 0.011603560 0.802253008 1.352742195
0.800274789 0.016641438 -0.599402487 -0.063629448 -0.020159917 0.999796510 0.000841796 -0.041505929 0.599294305 0.011410235 0.800447345 1.352645636
0.797889590 0.016395293 -0.602580607 -0.063846469 -0.019966513 0.999800384 0.000764954 -0.041513719 0.602472842 0.011421083 0.798057616 1.352310896
0.795063019 0.016474836 -0.606303155 -0.064462245 -0.019950915 0.999800563 0.001004966 -0.041580491 0.606198728 0.011297287 0.795233011 1.352095842
0.791701734 0.016394816 -0.610687733 -0.064799428 -0.020065187 0.999798357 0.000828354 -0.041373398 0.610578120 0.011597751 0.791871071 1.352000117
0.787784994 0.016368955 -0.615732670 -0.065344334 -0.020199947 0.999795735 0.000734729 -0.041324362 0.615618944 0.011858958 0.787954628 1.351481676
0.783463359 0.016341442 -0.621223032 -0.065685213 -0.020276319 0.999794126 0.000728124 -0.041326288 0.621107101 0.012025656 0.783633471 1.351155639
0.778507292 0.016715387 -0.627413034 -0.065717816 -0.020717625 0.999784887 0.000929170 -0.041266453 0.627293587 0.012275140 0.778686106 1.350614071
0.773526430 0.016910318 -0.633538365 -0.065826356 -0.020937411 0.999780178 0.001122203 -0.041294042 0.633417964 0.012396596 0.773710489 1.350006819
0.770091653 0.018396055 -0.637667954 -0.068850696 -0.022414127 0.999747157 0.001772827 -0.041029304 0.637539268 0.012927529 0.770309329 1.345422983
0.763717353 0.018324483 -0.645290732 -0.069057941 -0.022147305 0.999752402 0.002178350 -0.040951185 0.645170867 0.012627802 0.763934016 1.345029831
0.756429613 0.018667588 -0.653808653 -0.069219053 -0.022515202 0.999743402 0.002495590 -0.041040380 0.653687477 0.012832893 0.756655753 1.344427466
0.748123288 0.018576039 -0.663299739 -0.069276512 -0.022558246 0.999742270 0.002555264 -0.041022085 0.663176239 0.013051222 0.748349547 1.343745470
0.739761233 0.018587342 -0.672612786 -0.069571733 -0.022738561 0.999738038 0.002618698 -0.041191123 0.672485232 0.013357030 0.739990056 1.342914343
0.730824947 0.018249318 -0.682320952 -0.070280850 -0.022521615 0.999742985 0.002616471 -0.041345723 0.682193220 0.013454782 0.731048107 1.341610670
0.722856998 0.018230926 -0.690757155 -0.070571601 -0.022577154 0.999741316 0.002759518 -0.041380305 0.690628648 0.013600591 0.723081648 1.340561867
0.716781020 0.018526264 -0.697052121 -0.074982584 -0.022651501 0.999737978 0.003278438 -0.041064072 0.696930289 0.013439357 0.717012942 1.335209608
0.707951725 0.018995175 -0.706005335 -0.075872719 -0.022743093 0.999732971 0.004092162 -0.041020896 0.705894530 0.013159695 0.708194673 1.334591150
0.697056174 0.019027345 -0.716764033 -0.076473653 -0.022167679 0.999741793 0.004981163 -0.041066721 0.716673791 0.012416845 0.697297990 1.334288836
0.686516523 0.019171564 -0.726861238 -0.078407347 -0.022287002 0.999737501 0.005318937 -0.040926743 0.726772428 0.012548021 0.686763644 1.332743883
0.674801946 0.019083807 -0.737751961 -0.079524457 -0.022067122 0.999740303 0.005676587 -0.040910896 0.737668872 0.012449492 0.675047994 1.330083489
0.661007881 0.018706966 -0.750145614 -0.080812275 -0.022544075 0.999732971 0.005065893 -0.040809635 0.750040174 0.013562745 0.661253214 1.326954365
0.645738244 0.018527152 -0.763333976 -0.082254708 -0.021430299 0.999751449 0.006136478 -0.041198008 0.763257980 0.012395917 0.645974934 1.324050546
0.631281614 0.019298660 -0.775313497 -0.083382368 -0.021488529 0.999741793 0.007388447 -0.040946513 0.775255919 0.011996156 0.631533384 1.321871161
0.616092920 0.019454600 -0.787433147 -0.083846092 -0.021293378 0.999741018 0.008039874 -0.041206293 0.787385523 0.011813805 0.616347611 1.317314386
0.597495317 0.018994901 -0.801647305 -0.084555387 -0.020559467 0.999753714 0.008365317 -0.041380420 0.801608622 0.011483206 0.597738683 1.314986706
0.575633109 0.019394685 -0.817478001 -0.085668027 -0.021418856 0.999733388 0.008636452 -0.041227739 0.817427397 0.012538019 0.575895071 1.309737802
0.555197418 0.020422783 -0.831467807 -0.086927533 -0.021315923 0.999719560 0.010322119 -0.041543309 0.831445277 0.011992690 0.555477142 1.307796597
0.532006919 0.019828085 -0.846507788 -0.087702394 -0.021103235 0.999725759 0.010154163 -0.041567635 0.846476912 0.012461967 0.532279551 1.302926898
0.505108714 0.021482009 -0.862788320 -0.088799298 -0.021321828 0.999695718 0.012408178 -0.042025153 0.862792134 0.012128748 0.505413115 1.298238993
0.480142325 0.021757606 -0.876920700 -0.087905765 -0.024796458 0.999629498 0.011225321 -0.041623604 0.876840055 0.016354771 0.480503976 1.288208604
0.448390126 0.024048002 -0.893514454 -0.089368194 -0.024798661 0.999587834 0.014458210 -0.041810110 0.893493891 0.015675040 0.448801696 1.284170747
0.416803420 0.024712412 -0.908660591 -0.088955998 -0.026642021 0.999533057 0.014963107 -0.040817887 0.908606231 0.017971883 0.417267114 1.276947021
0.386535257 0.025117973 -0.921932518 -0.088855416 -0.026225068 0.999524117 0.016236663 -0.041188054 0.921901762 0.017901700 0.387009978 1.271929145
0.351407081 0.025670359 -0.935870707 -0.087835521 -0.029388532 0.999433875 0.016378852 -0.038923368 0.935761333 0.021748221 0.351962596 1.266178131
0.323310345 0.026090264 -0.945933104 -0.088398069 -0.030054720 0.999398649 0.017292526 -0.038861774 0.945815563 0.022838904 0.323900044 1.262623072
0.296603709 0.026420262 -0.954635024 -0.088775545 -0.030160641 0.999377787 0.018287685 -0.038382869 0.954524219 0.023368211 0.297215939 1.257182002
0.270469248 0.025930680 -0.962379217 -0.089237660 -0.030028189 0.999378026 0.018488402 -0.037761472 0.962260187 0.023897961 0.271079659 1.253338933
0.240725815 0.027112368 -0.970214367 -0.089284897 -0.029318025 0.999356806 0.020652475 -0.037681274 0.970150232 0.023473186 0.241365790 1.252211690
0.213058069 0.028498905 -0.976623714 -0.087274790 -0.030489933 0.999281645 0.022508467 -0.038540397 0.976563692 0.024981584 0.213773891 1.244698286
0.200645179 0.028676009 -0.979244232 -0.088875085 -0.031901069 0.999232650 0.022724885 -0.036794107 0.979144454 0.026679294 0.201406017 1.247761369
0.200778097 0.028440922 -0.979223788 -0.089114383 -0.031618856 0.999245882 0.022539383 -0.036748670 0.979126275 0.026436519 0.201525971 1.247727156
0.200907409 0.028410655 -0.979198098 -0.089177340 -0.031364962 0.999253392 0.022557227 -0.036778517 0.979107976 0.026180595 0.201648533 1.247668862
0.200964391 0.028458364 -0.979185045 -0.089292347 -0.031243807 0.999255538 0.022629317 -0.036790155 0.979100108 0.026045777 0.201703936 1.247657299
0.200755373 0.028444147 -0.979228377 -0.089371100 -0.031126637 0.999258935 0.022644596 -0.036789238 0.979146779 0.025934059 0.201491997 1.247654080
0.200344279 0.028348759 -0.979315341 -0.089395255 -0.030980790 0.999264717 0.022588322 -0.036719993 0.979235649 0.025814518 0.201075226 1.247695923
0.199670926 0.028217506 -0.979456544 -0.089410365 -0.030694949 0.999274850 0.022531021 -0.036750127 0.979382098 0.025565574 0.200392276 1.247708797
0.197925434 0.028404279 -0.979805410 -0.089651749 -0.030463247 0.999275446 0.022814991 -0.036845971 0.979743600 0.025332380 0.198647335 1.247628331
0.195769370 0.028646428 -0.980231464 -0.089791149 -0.030410893 0.999269843 0.023129223 -0.037029851 0.980178297 0.025281716 0.196497604 1.247682571
0.192975283 0.028676087 -0.980784476 -0.089723766 -0.030205671 0.999272704 0.023273496 -0.037041549 0.980738580 0.025134038 0.193701118 1.247596264
0.190940961 0.028795075 -0.981179059 -0.089652941 -0.030371610 0.999264359 0.023415409 -0.037045341 0.981131494 0.025329022 0.191675052 1.247475266
0.188725531 0.028745001 -0.981609106 -0.089627609 -0.030066440 0.999271989 0.023481624 -0.037102059 0.981569350 0.025081903 0.189452454 1.247395754
0.186158374 0.028998844 -0.982091725 -0.089677200 -0.029947473 0.999267459 0.023829369 -0.037089597 0.982063174 0.024975125 0.186890468 1.247282863
0.182770729 0.028656751 -0.982737839 -0.089883164 -0.029640824 0.999281347 0.023626529 -0.037159219 0.982708633 0.024810916 0.183488831 1.247106552
0.179883122 0.028556051 -0.983273387 -0.089761764 -0.028832445 0.999302089 0.023746859 -0.037230939 0.983265400 0.024078514 0.180580929 1.246990204
0.176956862 0.028908970 -0.983793974 -0.089665323 -0.029255789 0.999281347 0.024101781 -0.037209034 0.983783722 0.024516685 0.177675441 1.246994257
0.173741296 0.028698843 -0.984373033 -0.089753360 -0.029153962 0.999287069 0.023987999 -0.037081562 0.984359741 0.024530662 0.174454093 1.247049928
0.170507938 0.028964207 -0.984930456 -0.089613765 -0.028901555 0.999284804 0.024382992 -0.037189513 0.984932303 0.024308523 0.171223134 1.246759176
0.165003881 0.028888458 -0.985869765 -0.089467645 -0.028072366 0.999303579 0.024583669 -0.037217248 0.985893250 0.023619294 0.165699914 1.246534705
0.157544255 0.028922252 -0.987088263 -0.089142516 -0.027672153 0.999307752 0.024863679 -0.037261441 0.987124085 0.023397727 0.158235565 1.246316671
0.150972828 0.029545182 -0.988096237 -0.088816255 -0.029029006 0.999254763 0.025443442 -0.036891997 0.988111556 0.024842180 0.151717991 1.242242932
0.141455501 0.029895248 -0.989493132 -0.088499427 -0.028997473 0.999240160 0.026044330 -0.036777493 0.989519775 0.025008684 0.142214879 1.241930962
0.131372392 0.030086758 -0.990876436 -0.088006496 -0.028252194 0.999246955 0.026595190 -0.036984246 0.990930378 0.024500560 0.132123455 1.241607904
0.122355357 0.029893970 -0.992036104 -0.087824240 -0.027810154 0.999257147 0.026681533 -0.036958277 0.992096543 0.024324046 0.123095796 1.241340280
0.113199122 0.030021423 -0.993118644 -0.087769523 -0.027602857 0.999252617 0.027060585 -0.036925294 0.993188739 0.024349678 0.113943174 1.241034508
0.105515078 0.029816017 -0.993970633 -0.087352797 -0.028092457 0.999240875 0.026991950 -0.036684401 0.994020700 0.025075018 0.106272571 1.240619540
0.105589777 0.029902985 -0.993960083 -0.087251276 -0.027747924 0.999247193 0.027114348 -0.036704801 0.994022548 0.024717327 0.106340021 1.240558028
0.105636284 0.029867142 -0.993956268 -0.087265819 -0.027766317 0.999247670 0.027075186 -0.036675252 0.994017065 0.024738381 0.106386118 1.240517616
0.105759785 0.029618964 -0.993950486 -0.087337956 -0.027764469 0.999254584 0.026822787 -0.036626678 0.994003952 0.024759738 0.106503300 1.240472078
0.106940508 0.030257056 -0.993804932 -0.093551442 -0.028638046 0.999215901 0.027340140 -0.036890637 0.993852794 0.025536861 0.107723162 1.240235925
0.107332021 0.032719910 -0.993684709 -0.107068151 -0.031659860 0.999063849 0.029477324 -0.029678367 0.993718982 0.028296053 0.108267456 1.240443110
0.106454954 0.028748468 -0.993901908 -0.121382669 -0.032534458 0.999147296 0.025415491 -0.035000276 0.993785024 0.029630452 0.107299507 1.240570068
0.105257362 0.020922258 -0.994224966 -0.142461240 -0.031281102 0.999353588 0.017718490 -0.035276555 0.993952930 0.029235449 0.105843797 1.245141029
0.107058227 0.024170808 -0.993958950 -0.172699973 -0.031936489 0.999272227 0.020860165 -0.036682703 0.993739665 0.029510308 0.107752226 1.248161912
0.109414160 0.025455676 -0.993670285 -0.205796838 -0.039180551 0.999005735 0.021278137 -0.039203737 0.993223786 0.036604423 0.110302716 1.246925235
0.108913258 0.028255712 -0.993649602 -0.238152489 -0.038366597 0.998970568 0.024201686 -0.037426993 0.993310571 0.035487067 0.109885223 1.248288274
0.104813173 0.026519438 -0.994138300 -0.270877481 -0.030119549 0.999270499 0.023480801 -0.035855401 0.994035721 0.027481895 0.105535462 1.257175565
0.105747811 0.027519701 -0.994012117 -0.305874556 -0.036348291 0.999055922 0.023792434 -0.036743362 0.993728340 0.033614639 0.106648281 1.258153200
0.104116157 0.024169168 -0.994271398 -0.338129878 -0.031526748 0.999282479 0.020989623 -0.038224921 0.994065344 0.029160781 0.104803421 1.262908459
0.105214648 0.027141431 -0.994078994 -0.372481465 -0.031916320 0.999204576 0.023903310 -0.037821803 0.993937194 0.029212363 0.105997220 1.266997218
0.101747930 0.029416436 -0.994375110 -0.407444000 -0.027931064 0.999253094 0.026702732 -0.037976004 0.994418025 0.025057008 0.102493562 1.272935629
0.102959752 0.034693610 -0.994080245 -0.445226371 -0.030733962 0.999025345 0.031682987 -0.032222699 0.994210660 0.027289951 0.103925683 1.276529670
0.102887280 0.045310326 -0.993660390 -0.484207273 -0.027204305 0.998716474 0.042724036 -0.040226474 0.994320869 0.022636080 0.103987858 1.281643271
0.104014441 0.034441330 -0.993979156 -0.514436781 -0.029950367 0.999055386 0.031483077 -0.035927385 0.994124711 0.026495347 0.104947709 1.283514023
0.106018141 0.035549000 -0.993728518 -0.551645041 -0.027257625 0.999089181 0.032832731 -0.034312092 0.993990660 0.023605809 0.106890529 1.290829897
0.107809573 0.035756003 -0.993528366 -0.586184204 -0.034655176 0.998880923 0.032188136 -0.037910819 0.993567407 0.030960714 0.108928055 1.290237546
0.108390227 0.034682296 -0.993503273 -0.620828271 -0.039893959 0.998738050 0.030512648 -0.037172467 0.993307650 0.036327504 0.109637022 1.290598631
0.104769140 0.031263925 -0.994005024 -0.653222144 -0.035034016 0.999001503 0.027728453 -0.037948251 0.993879318 0.031918906 0.105759814 1.296970606
0.104549892 0.030097038 -0.994064152 -0.680519283 -0.033833094 0.999071062 0.026690265 -0.040947385 0.993943989 0.030841796 0.105471022 1.300584912
0.105159529 0.008652769 -0.994417787 -0.702335358 -0.035078913 0.999372184 0.004986290 -0.039093181 0.993836522 0.034358732 0.105397016 1.301430821
0.102550186 0.032636061 -0.994192302 -0.750312388 -0.031296194 0.999072671 0.029568091 -0.033822767 0.994235396 0.028082218 0.103476480 1.309497118
0.102318220 0.036160912 -0.994094372 -0.785475254 -0.031027537 0.998968840 0.033144694 -0.034409270 0.994267762 0.027452987 0.103334680 1.313799143
0.102460429 0.037537031 -0.994028628 -0.811734855 -0.029573869 0.998960912 0.034674942 -0.035716318 0.994297326 0.025844464 0.103464112 1.316910267
0.104100637 0.031956077 -0.994053304 -0.827050686 -0.030232783 0.999123514 0.028952993 -0.038519323 0.994107246 0.027038969 0.104975507 1.318569541
0.106760368 0.028999029 -0.993861794 -0.836560488 -0.031730086 0.999164820 0.025745327 -0.038304716 0.993778348 0.028786737 0.107591324 1.318711519
0.107254811 0.029967345 -0.993779778 -0.838655412 -0.032273777 0.999123931 0.026645310 -0.038389646 0.993707657 0.029215191 0.108127959 1.319153309
0.103555515 0.029302159 -0.994192004 -0.837554812 -0.031574812 0.999159038 0.026159711 -0.038216796 0.994122446 0.028682439 0.104393616 1.318701029
0.099327423 0.027614264 -0.994671524 -0.836873114 -0.031685069 0.999195755 0.024575807 -0.038279850 0.994550228 0.029075183 0.100122474 1.318481207
0.096907228 0.028488878 -0.994885623 -0.836727619 -0.031573862 0.999175251 0.025536247 -0.038304161 0.994792461 0.028937729 0.097726792 1.318462372
0.093940936 0.029110573 -0.995152116 -0.836578429 -0.031471752 0.999159694 0.026256921 -0.038313419 0.995080233 0.028852580 0.094778143 1.318315268
0.091167033 0.029271211 -0.995405316 -0.836432457 -0.031251125 0.999159753 0.026519392 -0.038283870 0.995345116 0.028689841 0.092005186 1.318166852
0.087589353 0.029636249 -0.995715678 -0.836260498 -0.030786188 0.999160409 0.027030634 -0.038368605 0.995680809 0.028286688 0.088428177 1.318042636
0.083915040 0.030159857 -0.996016383 -0.836268246 -0.030261245 0.999158025 0.027705457 -0.038462043 0.996013343 0.027815787 0.084757037 1.317928791
0.080775633 0.030310679 -0.996271372 -0.836370289 -0.030387098 0.999147773 0.027934475 -0.038380574 0.996269047 0.028017370 0.081627846 1.317721248
0.076853663 0.030264890 -0.996582985 -0.836163759 -0.030308194 0.999148130 0.028005512 -0.038326949 0.996581554 0.028052300 0.077705480 1.317628622
0.071269691 0.030172098 -0.997000635 -0.835734427 -0.029879078 0.999158442 0.028101522 -0.038344271 0.997009456 0.027786674 0.072111204 1.317458987
0.064247891 0.029932441 -0.997484982 -0.835195839 -0.029916828 0.999158561 0.028055724 -0.038278736 0.997485518 0.028039068 0.065089300 1.317034960
0.056398734 0.029802660 -0.997963369 -0.834434867 -0.029616570 0.999164522 0.028164780 -0.038473785 0.997969031 0.027967794 0.057234243 1.316546917
0.049942747 0.029785600 -0.998307884 -0.833754897 -0.029108735 0.999173999 0.028355207 -0.038673520 0.998327792 0.027643338 0.050768498 1.316274405
0.042077720 0.029693766 -0.998672962 -0.833088636 -0.028623600 0.999183834 0.028502937 -0.038695090 0.998704255 0.027386274 0.042893283 1.315903783
0.033498481 0.030656936 -0.998968422 -0.832684934 -0.028428933 0.999154270 0.029709326 -0.038737588 0.999034345 0.027404387 0.034341671 1.315487742
0.023248091 0.031421531 -0.999235809 -0.832088828 -0.027317084 0.999152720 0.030783366 -0.038750894 0.999356449 0.026580552 0.024086729 1.314901948
0.012637571 0.030896723 -0.999442697 -0.831456482 -0.026945965 0.999170065 0.030547572 -0.038730614 0.999557018 0.026544899 0.013459608 1.314600706
0.000313379 0.030178785 -0.999544442 -0.829987884 -0.027238403 0.999173939 0.030159060 -0.038562275 0.999628842 0.027216546 0.001135126 1.313278556
-0.010887496 0.029983036 -0.999491155 -0.828998506 -0.026841167 0.999181390 0.030266132 -0.038407564 0.999580383 0.027157027 -0.010073818 1.310348868
-0.027987875 0.031069569 -0.999125302 -0.828518093 -0.026268108 0.999148846 0.031806137 -0.038366407 0.999263108 0.027135314 -0.027147934 1.309617043
-0.039329719 0.033188928 -0.998674929 -0.826115072 -0.030582253 0.998940051 0.034402128 -0.037674461 0.998758197 0.031894758 -0.038273036 1.294212103
-0.063516475 0.030054014 -0.997528136 -0.824332714 -0.029990554 0.999037504 0.032009099 -0.037765592 0.997530103 0.031949528 -0.062554009 1.293527007
-0.086973719 0.030117467 -0.995755136 -0.822771907 -0.029016126 0.999042153 0.032751273 -0.037685685 0.995787919 0.031741463 -0.086016521 1.292544842
-0.106489122 0.034489967 -0.993715465 -0.822944999 -0.029657668 0.998843312 0.037846137 -0.037025914 0.993871510 0.033501487 -0.105343044 1.285732985
-0.130575955 0.031274535 -0.990944862 -0.820190489 -0.030062247 0.998917818 0.035487439 -0.037641309 0.990982354 0.034423839 -0.129494488 1.277874708
-0.156068325 0.031359367 -0.987248361 -0.819032907 -0.030492300 0.998866618 0.036548760 -0.035668105 0.987275541 0.035807580 -0.154935241 1.274469018
-0.179768741 0.033917554 -0.983124018 -0.818617344 -0.029721417 0.998761833 0.039891750 -0.036232464 0.983259857 0.036391128 -0.178538084 1.269966245
-0.208682716 0.035719093 -0.977330863 -0.818085492 -0.028718904 0.998677909 0.042631425 -0.036990102 0.977561653 0.036964316 -0.207381055 1.267251372
-0.236650676 0.033214949 -0.971026897 -0.814835370 -0.027572885 0.998783350 0.040884219 -0.037328724 0.971203446 0.036449291 -0.235446960 1.265070200
-0.265900940 0.034299962 -0.963389933 -0.810904503 -0.028627764 0.998645067 0.043456580 -0.033562884 0.963575184 0.039134845 -0.264558792 1.260988593
-0.294742107 0.033553191 -0.954987645 -0.809271097 -0.028817043 0.998616755 0.043980021 -0.035074152 0.955142260 0.040482681 -0.293367505 1.256084442
-0.325054169 0.032987475 -0.945119917 -0.806502938 -0.027772568 0.998627543 0.044406842 -0.033444896 0.945287585 0.040683042 -0.323691815 1.252434015
-0.355170071 0.035405975 -0.934130967 -0.805197835 -0.025877777 0.998527169 0.047685869 -0.033840846 0.934443474 0.041109830 -0.353730738 1.247617126
-0.385802478 0.033758976 -0.921963573 -0.801970243 -0.025223887 0.998570859 0.047119167 -0.035998438 0.922236502 0.041434195 -0.384399503 1.242617846
-0.416243732 0.031152012 -0.908719242 -0.796517611 -0.025047055 0.998640835 0.045707572 -0.036021926 0.908907950 0.041786231 -0.414897710 1.240857482
-0.440959901 0.033797022 -0.896890223 -0.795547128 -0.024882775 0.998446345 0.049857631 -0.034989778 0.897181869 0.044302333 -0.439433813 1.236468554
-0.469978720 0.028379979 -0.882221341 -0.789033949 -0.024107797 0.998697460 0.044969626 -0.036485888 0.882348418 0.042403184 -0.468682379 1.232101321
-0.499482542 0.029268697 -0.865829349 -0.786375403 -0.023025680 0.998627603 0.047040973 -0.032911133 0.866017818 0.043432456 -0.498123109 1.229865193
-0.527857304 0.031275798 -0.848756969 -0.784615457 -0.023053616 0.998426080 0.051128402 -0.034384049 0.849020123 0.046555426 -0.526305437 1.225233078
-0.558973193 0.028377643 -0.828700006 -0.780553401 -0.022857811 0.998507082 0.049610443 -0.034737192 0.828870654 0.046673175 -0.557489932 1.222699046
-0.588226318 0.030632449 -0.808116078 -0.778774500 -0.020703234 0.998384416 0.052914619 -0.034525726 0.808431387 0.047856383 -0.586641788 1.221228361
-0.614511311 0.028543040 -0.788391411 -0.774813652 -0.020453677 0.998432875 0.052090015 -0.035529487 0.788642824 0.048135411 -0.612964392 1.215933204
-0.642789602 0.027977811 -0.765531659 -0.771278322 -0.018284352 0.998487890 0.051844347 -0.032133587 0.765824556 0.047322258 -0.641305923 1.213412762
-0.670560360 0.027217211 -0.741355538 -0.766830325 -0.018073186 0.998430848 0.053002447 -0.034399576 0.741634905 0.048939995 -0.669016063 1.210086703
-0.696803808 0.024396457 -0.716846764 -0.757685006 -0.018117247 0.998503804 0.051592782 -0.031178338 0.717033029 0.048937328 -0.695319176 1.206369519
-0.722305894 0.026395211 -0.691069901 -0.755637050 -0.017404443 0.998261034 0.056319393 -0.032479402 0.691354811 0.052707508 -0.720590293 1.201982021
-0.748489618 0.023151560 -0.662742257 -0.748296618 -0.016233539 0.998451233 0.053212725 -0.030754559 0.662947953 0.050587825 -0.746954381 1.200457096
-0.773090422 0.023912288 -0.633844972 -0.743098795 -0.016109956 0.998226523 0.057307895 -0.031845439 0.634091437 0.054515392 -0.771334052 1.196154356
-0.798135877 0.020663429 -0.602123141 -0.733396769 -0.015532101 0.998373747 0.054850161 -0.033123218 0.602277339 0.053130116 -0.796516895 1.193894029
-0.820095897 0.019617241 -0.571889818 -0.728760123 -0.014529497 0.998376191 0.055082221 -0.030067142 0.572041750 0.053481974 -0.818479002 1.192620993
-0.833519042 0.018524244 -0.552180231 -0.700137436 -0.017085692 0.998095453 0.059274532 -0.035388321 0.552226484 0.058840811 -0.831615031 1.181239367
-0.853514791 0.015839912 -0.520827770 -0.694500566 -0.015853021 0.998285711 0.056340229 -0.034274951 0.520827353 0.056343902 -0.851800621 1.182381153
-0.872113109 0.017371006 -0.488995761 -0.690627038 -0.014196112 0.998050690 0.060773049 -0.033203468 0.489098132 0.059942808 -0.870166540 1.181427956
-0.888930023 0.014951830 -0.457798868 -0.683366418 -0.013268807 0.998207092 0.058366369 -0.035969421 0.457850754 0.057958066 -0.887137830 1.180263758
-0.906147718 0.013784712 -0.422736496 -0.675643444 -0.012319670 0.998184443 0.058956657 -0.033699218 0.422781706 0.058631405 -0.904332876 1.178279519
-0.923963189 0.012120211 -0.382289171 -0.674368978 -0.011563607 0.998155713 0.059594162 -0.033648960 0.382306427 0.059483450 -0.922118962 1.181591511
-0.938397050 0.010366710 -0.345403314 -0.667577207 -0.010604102 0.998215258 0.058769166 -0.032412428 0.345396101 0.058811497 -0.936612308 1.181809306
-0.950476110 0.008960616 -0.310668349 -0.662895024 -0.009869372 0.998210013 0.058986310 -0.033074088 0.310640812 0.059131183 -0.948686361 1.182105303
-0.960176945 0.008957863 -0.279248893 -0.657778144 -0.007862050 0.998223782 0.059054527 -0.032996275 0.279281944 0.058898263 -0.958401144 1.181972384
-0.969208121 0.009852530 -0.246045768 -0.654730678 -0.005315662 0.998129249 0.060907692 -0.034712825 0.246185616 0.060340133 -0.967342496 1.184334159
-0.976854324 0.009738785 -0.213684201 -0.647018075 -0.003606067 0.998071313 0.061972782 -0.035102651 0.213875622 0.061308924 -0.974934995 1.184091091
-0.984535396 0.008439991 -0.174982041 -0.641338050 -0.002459216 0.998074532 0.061977353 -0.034103200 0.175168216 0.061449219 -0.982618928 1.184484005
-0.991041005 0.008061422 -0.133315027 -0.636629820 -0.000265384 0.998055875 0.062324222 -0.034372661 0.133558333 0.061801232 -0.989112020 1.185992002
-0.994978607 0.006388709 -0.099884242 -0.631476164 0.000236127 0.998107791 0.061487969 -0.034058060 0.100088120 0.061155621 -0.993097246 1.187576771
-0.997696579 0.002841545 -0.067774758 -0.633664608 -0.001323012 0.998117149 0.061323114 -0.032029618 0.067821398 0.061271526 -0.995814264 1.189553857
-0.997814417 0.001689241 -0.066056840 -0.633579254 -0.002367797 0.998117149 0.061290897 -0.031843930 0.066036001 0.061313342 -0.995931685 1.189710140
-0.997829437 0.001717887 -0.065829016 -0.633644938 -0.002328566 0.998114049 0.061343156 -0.031844508 0.065810248 0.061363287 -0.995943546 1.189637065
