1.000000000 0.000000000 0.000000000 0.000000000 0.000000000 0.999999940 0.000000000 0.000000000 0.000000000 0.000000000 1.000000000 0.000000000
1.000000000 0.000031820 0.000007549 -0.000004070 -0.000031820 0.999999940 -0.000007779 0.000005583 -0.000007549 0.000007779 1.000000000 0.000010414
1.000000000 0.000036582 0.000020179 0.000001384 -0.000036582 0.999999940 0.000000008 -0.000003603 -0.000020179 -0.000000008 1.000000000 -0.000003528
1.000000000 0.000013533 0.000014790 -0.000007517 -0.000013533 0.999999940 0.000024562 0.000005495 -0.000014790 -0.000024562 1.000000000 -0.000005179
1.000000000 -0.000020532 0.000022068 0.000000292 0.000020532 0.999999940 0.000014084 0.000017846 -0.000022069 -0.000014083 1.000000000 -0.000000656
1.000000000 -0.000043753 0.000017818 0.000014269 0.000043752 0.999999940 0.000013259 -0.000000874 -0.000017819 -0.000013258 1.000000000 -0.000033298
1.000000000 -0.000050402 0.000007208 0.000023877 0.000050402 0.999999940 0.000024344 -0.000017334 -0.000007210 -0.000024344 1.000000000 -0.000031623
1.000000000 -0.000066295 0.000006102 0.000002964 0.000066295 0.999999940 0.000023280 -0.000015535 -0.000006104 -0.000023280 1.000000000 -0.000018491
1.000000000 -0.000048437 -0.000009370 0.000019009 0.000048437 0.999999940 0.000038414 -0.000011666 0.000009368 -0.000038415 1.000000000 -0.000020014
1.000000000 -0.000037490 0.000008831 0.000010714 0.000037489 0.999999940 0.000065581 -0.000019543 -0.000008834 -0.000065581 1.000000000 -0.000002648
1.000000000 -0.000067631 0.000025884 0.000002068 0.000067630 0.999999940 0.000052144 -0.000007349 -0.000025888 -0.000052142 1.000000000 -0.000051299
1.000000000 -0.000071739 0.000037140 -0.000027294 0.000071737 0.999999940 0.000061384 -0.000007432 -0.000037144 -0.000061381 1.000000000 -0.000072898
0.999999821 -0.000534393 -0.000198304 0.000044159 0.000534101 0.999998689 -0.001471865 0.000028457 0.000199091 0.001471759 0.999998868 0.000190766
0.999999046 -0.001389957 -0.000159344 -0.000754051 0.001389834 0.999998689 -0.000772358 -0.000262938 0.000160417 0.000772136 0.999999702 0.003615028
0.999997914 -0.001852049 -0.000833467 0.001075645 0.001856892 0.999981225 0.005849140 -0.000438922 0.000822619 -0.005850676 0.999982595 0.025547707
0.999999881 0.000505404 0.000089988 0.000875821 -0.000505862 0.999986529 0.005161745 -0.001816587 -0.000087378 -0.005161791 0.999986708 0.032907255
0.999997795 0.002040213 -0.000573481 0.000064666 -0.002040319 0.999997914 -0.000184250 -0.007420123 0.000573104 0.000185419 0.999999821 0.049624074
0.999993265 -0.001806249 -0.003200485 0.000367155 0.001806583 0.999998450 0.000101389 0.001298594 0.003200297 -0.000107170 0.999994934 0.073536754
0.999988735 -0.002693375 -0.003911840 0.007165920 0.002718810 0.999975026 0.006511337 -0.003561777 0.003894205 -0.006521899 0.999971271 0.109786689
0.999994338 0.002588119 0.002163137 0.002199095 -0.002582696 0.999993443 -0.002506088 -0.006025284 -0.002169609 0.002500488 0.999994576 0.138394848
0.999992609 0.000834775 0.003748448 0.002218817 -0.000820844 0.999992609 -0.003716392 -0.002466966 -0.003751523 0.003713289 0.999986112 0.170439765
0.999985456 0.001558660 0.005159135 0.001123185 -0.001645636 0.999855816 0.016897459 -0.001164078 -0.005132055 -0.016905703 0.999843895 0.211785451
0.999942064 0.006738074 0.008394248 0.001009329 -0.006802333 0.999947667 0.007650425 -0.011367116 -0.008342257 -0.007707082 0.999935508 0.242507622
0.999911249 0.009276660 0.009562724 -0.001849523 -0.009323643 0.999944508 0.004880187 -0.009929773 -0.009516920 -0.004968913 0.999942362 0.277099282
0.999901414 0.011148164 0.008543973 -0.000847826 -0.011185671 0.999927878 0.004355014 -0.010708209 -0.008494805 -0.004450153 0.999953985 0.311804086
0.999970615 0.002430606 0.007265402 0.003720801 -0.002427361 0.999996901 -0.000455381 -0.009579467 -0.007266485 0.000437733 0.999973536 0.343923807
0.999965549 0.002806345 0.007814981 0.004053091 -0.002749717 0.999969840 -0.007247588 -0.006270445 -0.007835083 0.007225851 0.999943256 0.374983847
0.999969184 -0.003405110 0.007073549 0.007404272 0.003459518 0.999964356 -0.007693936 -0.014330391 -0.007047098 0.007718171 0.999945343 0.410857618
0.999949694 -0.000094479 0.010022419 0.005267548 0.000143477 0.999988019 -0.004888284 -0.013924344 -0.010021837 0.004889478 0.999937832 0.445300370
0.999927223 0.005475385 0.010751718 0.006400265 -0.005448933 0.999981999 -0.002487898 -0.015038069 -0.010765146 0.002429131 0.999939203 0.482092530
0.999946952 0.008198867 0.006228587 0.003047463 -0.008162207 0.999949336 -0.005888421 -0.012244565 -0.006276549 0.005837270 0.999963403 0.514740109
0.999913454 0.010981414 0.007235155 0.002292103 -0.010975797 0.999939382 -0.000815526 -0.014440310 -0.007243672 0.000736043 0.999973595 0.553319156
0.999929905 0.010492088 0.005478477 0.003678204 -0.010465889 0.999933779 -0.004789605 -0.015592550 -0.005528366 0.004731932 0.999973655 0.585137486
0.999924839 0.010993418 0.005416825 0.004179149 -0.011021338 0.999925971 0.005151690 -0.019438835 -0.005359788 -0.005211005 0.999972165 0.626106024
0.999968886 0.006839949 0.003917959 0.005893276 -0.006842054 0.999976397 0.000524232 -0.014287923 -0.003914279 -0.000551024 0.999992251 0.661147833
0.999946475 0.007211129 0.007416449 0.003318811 -0.007210299 0.999973953 -0.000138343 -0.018429769 -0.007417255 0.000084861 0.999972522 0.690790594
0.999947071 0.007642856 0.006889116 0.003744815 -0.007632672 0.999969661 -0.001503496 -0.020273056 -0.006900400 0.001450835 0.999975145 0.728508413
0.999943137 0.008842623 0.005942936 0.004138781 -0.008828417 0.999958038 -0.002412247 -0.022089502 -0.005964019 0.002359644 0.999979436 0.765237510
0.999961197 0.007174736 0.005104199 0.005434770 -0.007154181 0.999966204 -0.004033699 -0.022732114 -0.005132969 0.003997028 0.999978900 0.801410615
0.999966800 0.006581363 0.004785247 0.006734708 -0.006556660 0.999965131 -0.005159939 -0.025841629 -0.004819041 0.005128393 0.999975264 0.839022517
0.999938786 0.009148262 0.006224208 0.003889220 -0.009105238 0.999934554 -0.006905961 -0.026247628 -0.006286980 0.006848865 0.999956787 0.873262405
0.999945700 0.008665396 0.005788897 0.004847528 -0.008612745 0.999921858 -0.009058779 -0.027500780 -0.005866943 0.009008429 0.999942303 0.910092890
0.999946535 0.009143954 0.004827364 0.004879266 -0.009105754 0.999927521 -0.007876479 -0.028357565 -0.004899037 0.007832100 0.999957383 0.948491752
0.999948919 0.008689748 0.005171278 0.006695793 -0.008623161 0.999881327 -0.012762231 -0.029053356 -0.005281566 0.012716987 0.999905229 0.985377491
0.999950945 0.007956232 0.005905059 0.006156378 -0.007899350 0.999922693 -0.009594413 -0.029308856 -0.005980939 0.009547293 0.999936640 1.024456024
0.999961376 0.007219449 0.005005051 0.005960060 -0.007192417 0.999959528 -0.005398018 -0.031116087 -0.005043821 0.005361812 0.999972880 1.064758301
0.999963820 0.007547121 0.003923476 0.006108134 -0.007518214 0.999944925 -0.007331131 -0.032166313 -0.003978591 0.007301370 0.999965429 1.102213264
0.999985635 0.004834036 0.002298450 0.008163032 -0.004821880 0.999974608 -0.005265190 -0.034778591 -0.002323846 0.005254033 0.999983490 1.141222596
0.999932766 0.011294668 0.002591820 0.005972322 -0.011296543 0.999936044 0.000710027 -0.034118731 -0.002583635 -0.000739257 0.999996424 1.182964563
0.999975920 0.006629094 0.002017096 0.006731468 -0.006631739 0.999977171 0.001306622 -0.035848897 -0.002008387 -0.001319968 0.999997079 1.220905662
0.999994695 0.003188986 -0.000515332 0.008027105 -0.003189645 0.999994040 -0.001282187 -0.039550275 0.000511242 0.001283823 0.999999046 1.250140667
0.999999046 0.000343588 -0.001336574 0.009780088 -0.000340613 0.999997497 0.002225485 -0.038712144 0.001337337 -0.002225028 0.999996603 1.274065852
0.999995768 0.002761548 0.000791608 0.009273212 -0.002760250 0.999994874 -0.001637576 -0.039089762 -0.000796124 0.001635384 0.999998331 1.295822144
0.999986827 0.005042398 0.000917162 0.008245056 -0.005046030 0.999979198 0.004001677 -0.039558515 -0.000896966 -0.004006254 0.999991536 1.330389977
0.999999106 -0.000845438 -0.001029000 0.010708191 0.000839700 0.999984086 -0.005563271 -0.040762391 0.001033687 0.005562403 0.999984026 1.359182715
0.999994755 0.003179426 -0.000542794 0.009603018 -0.003180436 0.999993145 -0.001869466 -0.041986637 0.000536845 0.001871184 0.999998093 1.383769035
0.999981403 0.006030437 0.000938753 0.007071510 -0.006028332 0.999979317 -0.002231181 -0.043191131 -0.000952189 0.002225480 0.999997020 1.400276780
0.999973357 0.007268356 0.000640568 0.006662397 -0.007264861 0.999959528 -0.005298635 -0.042366590 -0.000679055 0.005293841 0.999985754 1.407849550
0.999976277 0.006782323 0.001215101 0.006526754 -0.006771767 0.999940991 -0.008491274 -0.042575359 -0.001272621 0.008482845 0.999963164 1.406334758
0.999974072 0.007188729 0.000521804 0.006813651 -0.007185988 0.999961197 -0.005079550 -0.042654447 -0.000558301 0.005075667 0.999986947 1.407122254
0.999968648 0.006849154 -0.003990769 0.006566085 -0.006867176 0.999966145 -0.004519686 -0.042580042 0.003959676 0.004546950 0.999981821 1.406622052
0.999938548 0.006877923 -0.008699620 0.006114945 -0.006923913 0.999962091 -0.005267370 -0.042618033 0.008663061 0.005327282 0.999948263 1.405840874
0.999905407 0.007269648 -0.011678010 0.005573655 -0.007330529 0.999959648 -0.005178929 -0.042680304 0.011639889 0.005264046 0.999918342 1.405692697
0.999860823 0.007396164 -0.014951930 0.005253511 -0.007474399 0.999958634 -0.005183249 -0.042653270 0.014912974 0.005294284 0.999874771 1.405238509
0.999812543 0.007324160 -0.017925961 0.004984390 -0.007415229 0.999959826 -0.005019115 -0.042655271 0.017888477 0.005151100 0.999826729 1.404902577
0.999753892 0.007440149 -0.020903090 0.004558671 -0.007542692 0.999959886 -0.004831037 -0.042528987 0.020866308 0.004987513 0.999769866 1.404658914
0.999679685 0.007467471 -0.024182133 0.004135523 -0.007580592 0.999960721 -0.004589533 -0.042565838 0.024146913 0.004771377 0.999696970 1.404173255
0.999606788 0.007879178 -0.026908761 0.003595211 -0.008012543 0.999956071 -0.004851943 -0.042419467 0.026869347 0.005065642 0.999626100 1.403614640
0.999493003 0.008156012 -0.030776512 0.003023617 -0.008309253 0.999953628 -0.004854550 -0.042267617 0.030735487 0.005107818 0.999514520 1.403219223
0.999358773 0.008118384 -0.034873333 0.002490580 -0.008281514 0.999955356 -0.004535859 -0.042300504 0.034834951 0.004821754 0.999381483 1.402976394
0.999138951 0.007859452 -0.040737290 0.001602180 -0.008034723 0.999959052 -0.004140477 -0.042287201 0.040703081 0.004464225 0.999161303 1.402969241
0.998879492 0.008171806 -0.046616908 0.000698484 -0.008374823 0.999956250 -0.004161359 -0.042237878 0.046580859 0.004547104 0.998904169 1.402434587
0.998573661 0.008527582 -0.052707732 0.000228040 -0.008757422 0.999953151 -0.004131255 -0.042325225 0.052670024 0.004586946 0.998601437 1.401962519
0.998238146 0.008355605 -0.058745965 -0.000942573 -0.008605950 0.999954820 -0.004009744 -0.042484555 0.058709811 0.004508243 0.998264849 1.401957273
0.997789145 0.008647088 -0.065895081 -0.001731128 -0.008935804 0.999951661 -0.004087962 -0.042468518 0.065856546 0.004667749 0.997818172 1.401552200
0.997384727 0.009006638 -0.071713135 -0.002756484 -0.009331469 0.999947548 -0.004195844 -0.042422697 0.071671598 0.004854058 0.997416437 1.401233315
0.996859074 0.008993916 -0.078684688 -0.003688872 -0.009333423 0.999948621 -0.003948064 -0.042503964 0.078645140 0.004670060 0.996891677 1.400814414
0.996157169 0.009634979 -0.087051362 -0.004990481 -0.010022662 0.999941707 -0.004017498 -0.042358406 0.087007582 0.004874546 0.996195734 1.399852514
0.995235205 0.009371894 -0.097052850 -0.006501257 -0.009798732 0.999944210 -0.003922279 -0.042499829 0.097010680 0.004854585 0.995271504 1.398993969
0.993955612 0.009636532 -0.109359741 -0.008606270 -0.010142312 0.999940276 -0.004069603 -0.042463858 0.109313995 0.005154165 0.993993878 1.398184896
0.992292464 0.010048777 -0.123509817 -0.011466712 -0.010608442 0.999936223 -0.003874507 -0.042189516 0.123463042 0.005154891 0.992335796 1.396874428
0.989825785 0.009715490 -0.141952276 -0.013409406 -0.010337694 0.999939919 -0.003646363 -0.042110350 0.141908348 0.005076723 0.989866853 1.395872831
0.987076819 0.009601992 -0.159959748 -0.015728146 -0.010321775 0.999939978 -0.003669488 -0.042112909 0.159914911 0.005273136 0.987116694 1.394674778
0.983792067 0.009493497 -0.179061174 -0.018580154 -0.010267724 0.999941587 -0.003397524 -0.042018246 0.179018468 0.005181009 0.983832121 1.393983603
0.979946256 0.009466538 -0.199037194 -0.020860612 -0.010235148 0.999943614 -0.002833087 -0.042109106 0.198999166 0.004813449 0.979987860 1.393459797
0.975848734 0.009042785 -0.218260422 -0.023125827 -0.009865373 0.999947786 -0.002679362 -0.042238064 0.218224853 0.004767873 0.975886881 1.391879797
0.970713913 0.009324617 -0.240057573 -0.026322007 -0.010323290 0.999942482 -0.002902968 -0.041947935 0.240016699 0.005296136 0.970754385 1.390226126
0.964370012 0.009319164 -0.264393270 -0.028090060 -0.010510788 0.999939978 -0.003092677 -0.041827992 0.264348596 0.005761468 0.964410067 1.388424158
0.958495557 0.009239956 -0.284957707 -0.029799402 -0.010663273 0.999937177 -0.003443749 -0.042070951 0.284908026 0.006339400 0.958534002 1.386878967
0.952207863 0.008636134 -0.305329114 -0.032675803 -0.010137614 0.999943018 -0.003332376 -0.042088948 0.305282980 0.006268424 0.952241123 1.385810971
0.944153309 0.009262849 -0.329376280 -0.035789728 -0.010996805 0.999933779 -0.003401688 -0.042385798 0.329322904 0.006833805 0.944192648 1.382777691
0.935972631 0.009932859 -0.351932675 -0.038256168 -0.012075034 0.999919534 -0.003892344 -0.042625733 0.351865709 0.007892728 0.936017334 1.381307960
0.927933633 0.009202313 -0.372631878 -0.040246338 -0.011426636 0.999927700 -0.003761122 -0.042372897 0.372570336 0.007748001 0.927971601 1.379727006
0.917629957 0.008855549 -0.397337258 -0.043605804 -0.011170875 0.999931514 -0.003512859 -0.042119339 0.397278905 0.007662110 0.917666018 1.377354860
0.906490564 0.010669110 -0.422091216 -0.046617806 -0.013106893 0.999909937 -0.002874083 -0.042069882 0.422022551 0.008137634 0.906548798 1.373980641
0.893589318 0.010597965 -0.448760360 -0.049729168 -0.012919961 0.999914229 -0.002112669 -0.041832715 0.448699504 0.007685825 0.893649578 1.371721268
0.879520953 0.010514082 -0.475743920 -0.052462399 -0.012685676 0.999918580 -0.001353860 -0.041879460 0.475690961 0.007225882 0.879582763 1.368925571
0.863156915 0.011724508 -0.504799485 -0.056410491 -0.014803586 0.999888241 -0.002089194 -0.041531757 0.504718602 0.009276147 0.863234103 1.362893701
0.843198299 0.013223814 -0.537439704 -0.060106993 -0.015758643 0.999875784 -0.000121865 -0.040693752 0.537371397 0.008572077 0.843302131 1.359732866
0.823508203 0.013700444 -0.567138851 -0.063807487 -0.017941516 0.999837279 -0.001898607 -0.040124308 0.567020595 0.011738851 0.823619962 1.354384661
0.806739509 0.017400544 -0.590650976 -0.065617025 -0.021455636 0.999769807 0.000148019 -0.039858956 0.590517521 0.012553378 0.806927204 1.353245854
0.805735290 0.018732850 -0.591979563 -0.067388415 -0.022812149 0.999739647 0.000586877 -0.040290158 0.591836333 0.013031458 0.805952847 1.355275393
0.805037498 0.018530427 -0.592934430 -0.066890538 -0.022746520 0.999741256 0.000360628 -0.039998066 0.592787683 0.013196876 0.805250704 1.354662657
0.804343045 0.018601941 -0.593873918 -0.066467047 -0.022844341 0.999739051 0.000374485 -0.039861381 0.593725741 0.013265444 0.804558158 1.354153275
0.803526223 0.018572262 -0.594979525 -0.066192269 -0.022863932 0.999738574 0.000328809 -0.039784335 0.594829977 0.013339364 0.803740919 1.353880286
0.803064287 0.018715439 -0.595598280 -0.066074431 -0.022916635 0.999737263 0.000515422 -0.039818853 0.595451474 0.013235196 0.803282320 1.353515148
0.802360594 0.018520074 -0.596552074 -0.065791011 -0.022738706 0.999741435 0.000453671 -0.039866965 0.596406102 0.013200818 0.802574277 1.353213787
0.800582647 0.018246470 -0.598944485 -0.065821946 -0.022473104 0.999747455 0.000417869 -0.039843742 0.598800719 0.013125602 0.800790548 1.352984428
0.798137069 0.017993607 -0.602207184 -0.065846026 -0.022269422 0.999751985 0.000357176 -0.039801694 0.602064192 0.013125728 0.798339903 1.352704644
0.795245588 0.017979885 -0.606020868 -0.066107452 -0.022132907 0.999754906 0.000617770 -0.039785597 0.605883360 0.012921724 0.795448601 1.352496028
0.791936994 0.017935948 -0.610339463 -0.066529214 -0.022303941 0.999751210 0.000439377 -0.039553523 0.610195279 0.013265014 0.792140007 1.352449179
0.788001299 0.017570412 -0.615422845 -0.066888332 -0.022072401 0.999756396 0.000281189 -0.039480139 0.615277767 0.013362283 0.788197219 1.352074385
0.783713520 0.017416114 -0.620878220 -0.067208827 -0.021925714 0.999759614 0.000367938 -0.039487738 0.620735288 0.013324840 0.783907056 1.351927280
0.778711796 0.017464103 -0.627138734 -0.067288458 -0.021881152 0.999760389 0.000670991 -0.039448228 0.627000153 0.013200010 0.778907359 1.351526618
0.773817897 0.017502552 -0.633166254 -0.067516327 -0.021780439 0.999762356 0.001017580 -0.039467007 0.633033454 0.013003217 0.774015188 1.350799918
0.769772232 0.018927943 -0.638037980 -0.070529580 -0.023828367 0.999715626 0.000909263 -0.038494125 0.637873769 0.014503479 0.770004332 1.347818136
0.763328552 0.018737527 -0.645738661 -0.070826352 -0.023316475 0.999727011 0.001446842 -0.038415372 0.645589411 0.013951936 0.763557136 1.347402573
0.756171227 0.019072264 -0.654095829 -0.071349919 -0.023593791 0.999719858 0.001874305 -0.038487718 0.653948307 0.014015310 0.756409466 1.346619129
0.747967601 0.018915284 -0.663465619 -0.072604179 -0.023497829 0.999721825 0.002011267 -0.038285259 0.663319170 0.014085643 0.748204112 1.346168518
0.739998937 0.019076753 -0.672337413 -0.073934495 -0.023951357 0.999711096 0.002003845 -0.038327679 0.672181427 0.014620555 0.740242064 1.344503760
0.731610954 0.018506538 -0.681471109 -0.075274348 -0.023767885 0.999716103 0.001632408 -0.038028065 0.681307912 0.015002843 0.731843114 1.342258215
0.723623812 0.018629881 -0.689943075 -0.075820386 -0.024094936 0.999708116 0.001723002 -0.037941117 0.689773798 0.015377333 0.723861575 1.341191769
0.715503633 0.018747715 -0.698357344 -0.076712906 -0.024137413 0.999706447 0.002107522 -0.037892409 0.698191881 0.015348603 0.715746045 1.340168715
0.708022237 0.019944014 -0.705908477 -0.078789175 -0.025056968 0.999681175 0.003111964 -0.037950896 0.705745518 0.015484589 0.708296180 1.336058378
0.697090209 0.019903954 -0.716707051 -0.079447806 -0.024540782 0.999691248 0.003893733 -0.037865821 0.716563344 0.014874269 0.697363555 1.335770130
0.686384976 0.020139197 -0.726959586 -0.080979943 -0.024572644 0.999687910 0.004493537 -0.037982952 0.726823151 0.014779022 0.686665654 1.334666014
0.674051166 0.020131832 -0.738410413 -0.081262529 -0.024508437 0.999687791 0.004882927 -0.038088974 0.738277972 0.014805942 0.674333990 1.333157778
0.660334051 0.019703170 -0.750713468 -0.083007097 -0.024944976 0.999679565 0.004295699 -0.037877794 0.750557601 0.015889937 0.660613954 1.329900622
0.645172417 0.019529162 -0.763787389 -0.084351182 -0.023839151 0.999701142 0.005424232 -0.038191158 0.763665080 0.014708480 0.645445168 1.326561332
0.630986631 0.020310037 -0.775527835 -0.084968686 -0.023788685 0.999693692 0.006825639 -0.038233068 0.775429010 0.014141897 0.631276548 1.322493553
0.615291953 0.020109078 -0.788042843 -0.086082816 -0.023192845 0.999703586 0.007401557 -0.038180143 0.787958086 0.013722835 0.615576088 1.320460558
0.597288072 0.019637231 -0.801786304 -0.086832762 -0.022303276 0.999720216 0.007870245 -0.038511410 0.801716626 0.013181658 0.597559094 1.316771030
0.575410783 0.020173803 -0.817615807 -0.087496996 -0.022871614 0.999701679 0.008570299 -0.038933855 0.817544818 0.013768747 0.575700581 1.311878920
0.555159986 0.020977790 -0.831479013 -0.089147687 -0.023148537 0.999684334 0.009765761 -0.038528103 0.831421435 0.013825960 0.555470407 1.309270859
0.531067789 0.020323088 -0.847085655 -0.088680565 -0.023921352 0.999673426 0.008986803 -0.038024463 0.846991658 0.015490832 0.531380475 1.303708076
0.503952444 0.021989334 -0.863451540 -0.089639187 -0.024093864 0.999644816 0.011395382 -0.038338795 0.863395274 0.015061155 0.504303157 1.299598813
0.478773355 0.021216810 -0.877682209 -0.089326680 -0.025105052 0.999629915 0.010470001 -0.037973106 0.877579570 0.017021500 0.479128718 1.292975426
0.447145224 0.023703210 -0.894147396 -0.090674996 -0.025305560 0.999583900 0.013843453 -0.038229756 0.894103408 0.016436866 0.447558939 1.288172483
0.416030884 0.025182383 -0.909001768 -0.089689851 -0.028447328 0.999487579 0.014669405 -0.037516892 0.908905387 0.019755747 0.416534066 1.278926849
0.385348558 0.025991585 -0.922404945 -0.090060920 -0.028051620 0.999471247 0.016444173 -0.038269825 0.922344685 0.019538224 0.385873854 1.274906635
0.351623297 0.026548987 -0.935765028 -0.089550197 -0.030283455 0.999397218 0.016975006 -0.036456883 0.935651660 0.022369396 0.352215290 1.268700480
0.323786288 0.027133100 -0.945741057 -0.090497226 -0.030864824 0.999359548 0.018104440 -0.036496475 0.945626676 0.023328166 0.324416399 1.264516711
0.296723545 0.027370080 -0.954571187 -0.091021061 -0.031022580 0.999337792 0.019010449 -0.035826936 0.954459369 0.023972416 0.297376156 1.259474754
0.269740671 0.027106073 -0.962551355 -0.091699392 -0.031621117 0.999313951 0.019279981 -0.035496742 0.962413669 0.025236353 0.270412773 1.256040692
0.240171790 0.028270876 -0.970318615 -0.091363013 -0.030807599 0.999294341 0.021489650 -0.035493262 0.970241368 0.024731982 0.240873203 1.254728198
0.210054189 0.028552618 -0.977272689 -0.090595305 -0.029566966 0.999301791 0.022841133 -0.035616107 0.977242649 0.024097115 0.210751668 1.253433108
0.199144825 0.028805723 -0.979546666 -0.093749911 -0.032194421 0.999220610 0.022839056 -0.033152793 0.979441166 0.026987661 0.199917033 1.253567219
0.199176282 0.028744807 -0.979542077 -0.093776599 -0.032273125 0.999219954 0.022759965 -0.033113394 0.979432225 0.027079644 0.199948579 1.253551960
0.199170694 0.028778121 -0.979542136 -0.093734249 -0.032215174 0.999220729 0.022805933 -0.033144198 0.979435205 0.027013855 0.199942559 1.253528953
0.199166238 0.028776310 -0.979543149 -0.093764454 -0.032132462 0.999223113 0.022821100 -0.033109970 0.979438841 0.026929939 0.199936107 1.253527403
0.198873371 0.028790269 -0.979602218 -0.093745440 -0.032190453 0.999220967 0.022831729 -0.033108108 0.979496419 0.026993219 0.199645221 1.253543258
0.198411807 0.028768618 -0.979696453 -0.093636885 -0.032207448 0.999220729 0.022819171 -0.033144079 0.979589462 0.027025940 0.199183717 1.253507137
0.197617859 0.028792853 -0.979856193 -0.093641892 -0.031987678 0.999225676 0.022910731 -0.033178486 0.979757190 0.026815757 0.198385820 1.253608346
0.196076468 0.028847812 -0.980164170 -0.093873993 -0.031877883 0.999226332 0.023031846 -0.033190735 0.980070353 0.026729560 0.196844399 1.253493786
0.193987906 0.028767342 -0.980582118 -0.093804315 -0.031607654 0.999234319 0.023061624 -0.033212386 0.980494678 0.026520222 0.194748655 1.253461242
0.191393659 0.028701011 -0.981093764 -0.093740582 -0.031200908 0.999245167 0.023145281 -0.033190172 0.981017351 0.026181163 0.192144677 1.253242970
0.189271003 0.028881993 -0.981500030 -0.093872011 -0.031319756 0.999236345 0.023364250 -0.033185586 0.981425285 0.026318172 0.190031022 1.253222346
0.187074706 0.028873518 -0.981921256 -0.093731046 -0.030872045 0.999247015 0.023501270 -0.033228554 0.981860459 0.025917426 0.187825233 1.253131628
0.184521586 0.029028151 -0.982399702 -0.093990251 -0.030741539 0.999245107 0.023751799 -0.033154201 0.982347608 0.025817767 0.185274661 1.253093123
0.181031018 0.028823823 -0.983054876 -0.094077140 -0.030452034 0.999255478 0.023691043 -0.033130009 0.983005881 0.025647214 0.181773961 1.253008842
0.178001255 0.028585928 -0.983614981 -0.094043344 -0.029992325 0.999271214 0.023613323 -0.033095073 0.983573139 0.025297701 0.178728849 1.252883077
0.175299451 0.029036554 -0.984086931 -0.094028935 -0.030280966 0.999251127 0.024089916 -0.033114593 0.984049320 0.025576157 0.176047415 1.252822995
0.172077119 0.028955532 -0.984657884 -0.094266057 -0.029915728 0.999260485 0.024156922 -0.033056982 0.984629154 0.025299907 0.172816083 1.252874851
0.168756068 0.029060667 -0.985229373 -0.094201267 -0.029742803 0.999260247 0.024379998 -0.033068217 0.985208988 0.025189219 0.169495553 1.252566934
0.163404629 0.028988514 -0.986133218 -0.094181970 -0.028992910 0.999277592 0.024570713 -0.033039548 0.986133039 0.024575911 0.164127037 1.252233863
0.155917943 0.029073350 -0.987342000 -0.093974724 -0.028848398 0.999274433 0.024869060 -0.033070076 0.987348735 0.024605714 0.156643480 1.251981735
0.147481680 0.029387118 -0.988628149 -0.093713149 -0.028646708 0.999266148 0.025429871 -0.033117395 0.988649905 0.024570506 0.148215279 1.251700878
0.137801886 0.029734209 -0.990013421 -0.093512475 -0.028468229 0.999255240 0.026049232 -0.033024654 0.990050673 0.024594303 0.138545707 1.251365423
0.127667680 0.029888278 -0.991366625 -0.093104765 -0.027674966 0.999264061 0.026562408 -0.033077925 0.991430759 0.024044881 0.128400877 1.250945926
0.118876025 0.029858988 -0.992460132 -0.093197376 -0.027154272 0.999271691 0.026811404 -0.033006091 0.992537796 0.023762302 0.119600236 1.250503540
0.114900075 0.029849602 -0.992928445 -0.092032090 -0.029811513 0.999201834 0.026588446 -0.032595675 0.992929637 0.026545685 0.115698256 1.240176082
0.107266910 0.029774515 -0.993784249 -0.091798693 -0.030748513 0.999172688 0.026617022 -0.032369122 0.993754685 0.027702263 0.108093686 1.239815950
0.107316419 0.029882949 -0.993775606 -0.091815114 -0.030567784 0.999174833 0.026744323 -0.032426711 0.993754864 0.027507415 0.108141303 1.239819527
0.107238874 0.029852517 -0.993785024 -0.091822311 -0.030647976 0.999173284 0.026707167 -0.032385569 0.993760884 0.027593454 0.108065128 1.239829302
0.107410312 0.029686833 -0.993771434 -0.091984645 -0.030528517 0.999181271 0.026548808 -0.032404907 0.993745983 0.027486756 0.108228669 1.239797831
0.107961208 0.030155662 -0.993697643 -0.098190084 -0.031108866 0.999152780 0.026941357 -0.032419652 0.993668318 0.028004188 0.108807854 1.240858316
0.108570538 0.033002339 -0.993540823 -0.111279249 -0.033957131 0.998988569 0.029472582 -0.026177891 0.993508637 0.030537942 0.109581396 1.240919352
0.108111233 0.030955644 -0.993656754 -0.126564533 -0.034314223 0.999035656 0.027389782 -0.033779241 0.993546486 0.031135410 0.109069198 1.240453601
0.107521005 0.023091363 -0.993934512 -0.147253603 -0.033629168 0.999242544 0.019576767 -0.033933587 0.993633807 0.031320281 0.108216122 1.243896961
0.107958764 0.027608667 -0.993771970 -0.178420976 -0.033405133 0.999150574 0.024129113 -0.037108634 0.993593991 0.030592136 0.108789340 1.249710083
0.108292408 0.027067915 -0.993750513 -0.210480988 -0.040051069 0.998936415 0.022844665 -0.037357196 0.993311942 0.037326872 0.109261334 1.251682997
0.107641034 0.030122899 -0.993733406 -0.242944181 -0.039264478 0.998889863 0.026026085 -0.035734788 0.993414283 0.036216944 0.108704314 1.253342509
0.104494698 0.026622716 -0.994169056 -0.275443375 -0.031440433 0.999230385 0.023453625 -0.031818181 0.994028330 0.028806331 0.105251320 1.260509253
0.105049632 0.028121512 -0.994069278 -0.310219437 -0.037188120 0.999011934 0.024331434 -0.033166770 0.993771434 0.034411568 0.105991624 1.262071967
0.103236094 0.024739234 -0.994349241 -0.342239857 -0.032608103 0.999237359 0.021475393 -0.034915820 0.994122267 0.030206801 0.103964068 1.267260909
0.104244001 0.027575685 -0.994169533 -0.376476407 -0.033131059 0.999157012 0.024240062 -0.034105230 0.993999779 0.030411003 0.105069719 1.271528959
0.101004146 0.029565470 -0.994446754 -0.411399424 -0.029246220 0.999214649 0.026736736 -0.033491965 0.994456053 0.026383284 0.101789504 1.276632547
0.101887539 0.035228115 -0.994172096 -0.448996186 -0.032027435 0.998970985 0.032115832 -0.028697340 0.994280279 0.028568581 0.102910943 1.280604482
0.102766238 0.046314113 -0.993626833 -0.488115996 -0.029521398 0.998617411 0.043493468 -0.037015527 0.994267404 0.024863586 0.103991434 1.284558296
0.104535148 0.035526033 -0.993886411 -0.518284976 -0.032246727 0.998957396 0.032315634 -0.032951593 0.993998289 0.028671468 0.105571739 1.285320520
0.105466388 0.036181889 -0.993764341 -0.554393947 -0.030387804 0.998988390 0.033147085 -0.030674158 0.993958414 0.026702410 0.106459193 1.293056130
0.107401796 0.036139045 -0.993558645 -0.588702083 -0.037129015 0.998787761 0.032315668 -0.034505438 0.993522167 0.033419091 0.108613424 1.292436838
0.107975610 0.034547266 -0.993553102 -0.622628272 -0.041820090 0.998669207 0.030180305 -0.033095140 0.993273497 0.038291737 0.109276704 1.293540239
0.104517102 0.031369951 -0.994028151 -0.655140698 -0.037473410 0.998916745 0.027584080 -0.033998199 0.993816793 0.034366615 0.105579428 1.299618006
0.103502497 0.030093176 -0.994173825 -0.683071136 -0.035058185 0.999031484 0.026590336 -0.036706701 0.994011104 0.032101762 0.104457274 1.304591656
0.104428492 0.009176802 -0.994490087 -0.704040885 -0.036902629 0.999304533 0.005346188 -0.035303954 0.993847489 0.036140997 0.104694538 1.304878116
0.102279156 0.033002745 -0.994208157 -0.750042677 -0.032529883 0.999025881 0.029816160 -0.030121185 0.994223654 0.029291905 0.103253104 1.312324643
0.102092542 0.037068300 -0.994084060 -0.785487890 -0.032154758 0.998906255 0.033945821 -0.031787034 0.994255126 0.028498914 0.103172801 1.316910267
0.102189749 0.037936516 -0.994041324 -0.812072039 -0.030992612 0.998908877 0.034936167 -0.032492880 0.994282007 0.027237816 0.103253998 1.319726825
0.103685550 0.032411546 -0.994081914 -0.827596486 -0.031488676 0.999074936 0.029289979 -0.034995385 0.994111478 0.028265372 0.104610220 1.321758151
0.106320783 0.029442474 -0.993896008 -0.836058497 -0.033132050 0.999111414 0.026052717 -0.034734890 0.993779719 0.030159865 0.107201815 1.321724176
0.106999598 0.030713039 -0.993784606 -0.838668466 -0.033475749 0.999067366 0.027272012 -0.035237011 0.993695378 0.030349584 0.107927948 1.321997285
0.103301495 0.030539602 -0.994181156 -0.838053942 -0.032629684 0.999094605 0.027300116 -0.035303161 0.994114816 0.029619668 0.104204454 1.321687341
0.099046096 0.028658472 -0.994670093 -0.837623119 -0.032632641 0.999141157 0.025537837 -0.035246339 0.994547665 0.029929288 0.099896222 1.321451187
0.096764505 0.029520048 -0.994869411 -0.837649345 -0.032332636 0.999125838 0.026501557 -0.035184905 0.994782031 0.029602339 0.097634345 1.321360350
0.093898207 0.030165354 -0.995124757 -0.837523103 -0.032177556 0.999110639 0.027249964 -0.035202820 0.995061696 0.029461958 0.094785340 1.321086645
0.091218494 0.030287422 -0.995370269 -0.837343454 -0.031899486 0.999113262 0.027477963 -0.035167910 0.995319843 0.029245298 0.092103764 1.320906043
0.087531522 0.030534405 -0.995693743 -0.837143540 -0.031620253 0.999111593 0.027859483 -0.035163686 0.995659709 0.029045511 0.088419273 1.320728183
0.083997175 0.031013198 -0.995983362 -0.837012231 -0.031182544 0.999107897 0.028480690 -0.035146661 0.995977998 0.028664991 0.084889315 1.320497632
0.080901049 0.031133821 -0.996235788 -0.836918771 -0.031331249 0.999097586 0.028678950 -0.035068184 0.996229589 0.028893156 0.081803516 1.320226789
0.077041648 0.031142622 -0.996541440 -0.836647749 -0.031114504 0.999100327 0.028817154 -0.035021547 0.996542335 0.028786764 0.077941328 1.320060849
0.071506530 0.030977324 -0.996959090 -0.836203814 -0.030673478 0.999113142 0.028844219 -0.035020012 0.996968389 0.028517650 0.072393298 1.319824815
0.064496875 0.030797414 -0.997442603 -0.835745990 -0.030423500 0.999119699 0.028881952 -0.034947172 0.997454047 0.028482895 0.065377079 1.319379926
0.056771640 0.030662941 -0.997916222 -0.835094094 -0.030193325 0.999123752 0.028982347 -0.034952618 0.997930586 0.028485032 0.057647713 1.318785071
0.050391812 0.030409677 -0.998266459 -0.834481537 -0.029978935 0.999131918 0.028922731 -0.034967005 0.998279572 0.028469492 0.051259723 1.318468213
0.042721976 0.030228432 -0.998629630 -0.833564758 -0.029441817 0.999146163 0.028984530 -0.034943305 0.998653054 0.028163195 0.043575484 1.317840457
0.034235656 0.031082023 -0.998930395 -0.833123386 -0.029255118 0.999119043 0.030085260 -0.034943953 0.998985469 0.028193833 0.035114802 1.317256093
0.023870878 0.031970572 -0.999203801 -0.832685411 -0.028310178 0.999109268 0.031291224 -0.034956858 0.999314129 0.027540687 0.024754718 1.316697121
0.013448954 0.031571850 -0.999411106 -0.831892312 -0.027726609 0.999128819 0.031189833 -0.034946285 0.999525070 0.027290802 0.014312640 1.316233873
0.002936132 0.030374745 -0.999534309 -0.829285085 -0.028941382 0.999122441 0.030277224 -0.034376863 0.999576867 0.028839001 0.003812633 1.311549544
-0.005916551 0.029721452 -0.999540746 -0.826495588 -0.030905174 0.999075353 0.029890550 -0.033792973 0.999504745 0.031067833 -0.004992522 1.303953290
-0.022224247 0.030167341 -0.999297798 -0.825695574 -0.030696027 0.999052823 0.030842628 -0.032915428 0.999281645 0.031359922 -0.021277167 1.301674485
-0.040966168 0.032833748 -0.998620927 -0.825792134 -0.029865503 0.998973072 0.034070496 -0.032933574 0.998714149 0.031220052 -0.039943524 1.301057339
-0.062066115 0.030211249 -0.997614741 -0.823928356 -0.032270361 0.998958409 0.032259628 -0.034051202 0.997550368 0.034195617 -0.061026555 1.292366028
-0.085570186 0.030261682 -0.995872498 -0.822516203 -0.031237382 0.998965681 0.033039745 -0.033986259 0.995842338 0.033935666 -0.084536403 1.291723251
-0.108794257 0.035056535 -0.993446052 -0.823123634 -0.030395420 0.998793244 0.038573898 -0.033975996 0.993599474 0.034392830 -0.107597418 1.291409850
-0.133279666 0.031454530 -0.990579307 -0.820502758 -0.030324889 0.998898804 0.035798833 -0.033874579 0.990614474 0.034810465 -0.132179052 1.284389615
-0.158230990 0.031446178 -0.986901283 -0.819253564 -0.031120457 0.998837352 0.036816083 -0.031678848 0.986911595 0.036538266 -0.157068416 1.280066252
-0.181580871 0.034253608 -0.982779324 -0.818504810 -0.030599024 0.998712361 0.040462494 -0.032621887 0.982899785 0.037419312 -0.180298954 1.274749756
-0.209876105 0.035369053 -0.977088094 -0.817445636 -0.029990312 0.998642325 0.042591132 -0.032738417 0.977267981 0.038242042 -0.208530471 1.270718098
-0.237153426 0.031240059 -0.970969737 -0.813885987 -0.030451797 0.998752475 0.039571613 -0.031249998 0.970994830 0.038952317 -0.235906303 1.266512990
-0.265444130 0.034082159 -0.963523746 -0.813335121 -0.029582286 0.998616397 0.043473195 -0.028794767 0.963672340 0.040042937 -0.264068693 1.262397289
-0.294104844 0.033751398 -0.955177069 -0.811631560 -0.029553419 0.998577237 0.044384636 -0.030660601 0.955316246 0.041282482 -0.292688936 1.257372737
-0.324013174 0.032890245 -0.945480704 -0.808735490 -0.028761748 0.998591006 0.044594347 -0.028538371 0.945615292 0.041642841 -0.322610676 1.252382994
-0.354458243 0.035320371 -0.934404552 -0.807900906 -0.026836835 0.998490334 0.047923133 -0.028859768 0.934686661 0.042063210 -0.352975279 1.248106360
-0.385131985 0.033453636 -0.922254980 -0.805087924 -0.026303418 0.998538613 0.047205001 -0.030626977 0.922486603 0.042438615 -0.383689284 1.243128538
-0.414017081 0.029370980 -0.909795105 -0.797368765 -0.027820878 0.998604059 0.044898354 -0.029158682 0.909843862 0.043899979 -0.412622064 1.238871813
-0.438919097 0.031962138 -0.897957921 -0.796465993 -0.027919343 0.998399496 0.049184173 -0.028305367 0.898092628 0.046658270 -0.437324226 1.234511018
-0.467738450 0.027364083 -0.883443177 -0.789759099 -0.026798582 0.998622179 0.045120168 -0.030827962 0.883460522 0.044779472 -0.466360629 1.230178714
-0.497250259 0.028099375 -0.867151976 -0.787208259 -0.025692638 0.998560190 0.047090467 -0.026935926 0.867226541 0.045695167 -0.495812416 1.227581739
-0.525946617 0.030097289 -0.849984825 -0.786012113 -0.025519919 0.998365343 0.051142327 -0.028169066 0.850134552 0.048589673 -0.524318755 1.223369360
-0.552293897 0.025715360 -0.833252788 -0.775316715 -0.026290566 0.998489678 0.048240628 -0.026494600 0.833234847 0.048549693 -0.550783634 1.214675546
-0.581541002 0.027850753 -0.813040257 -0.773764312 -0.024432253 0.998365045 0.051674653 -0.026224965 0.813150227 0.049915336 -0.579909801 1.212098360
-0.607903481 0.025662895 -0.793596029 -0.769323170 -0.024001947 0.998426914 0.050672363 -0.027015716 0.793648124 0.049851760 -0.606331229 1.207336783
-0.636553705 0.025234303 -0.770819426 -0.765751243 -0.022096846 0.998457551 0.050934371 -0.024293389 0.770915806 0.049455140 -0.635014236 1.205505371
-0.664747655 0.024536159 -0.746665001 -0.762426674 -0.021742811 0.998401701 0.052165851 -0.026142640 0.746751547 0.050911721 -0.663151622 1.201708674
-0.680397868 0.018670859 -0.732605100 -0.724500060 -0.027274853 0.998337626 0.050774388 -0.024712920 0.732335150 0.054528482 -0.678757608 1.185635686
-0.706473112 0.020772180 -0.707435071 -0.722634971 -0.026719026 0.998073876 0.055988796 -0.026228404 0.707235456 0.058456562 -0.704557359 1.181122899
-0.733424664 0.017710323 -0.679540217 -0.715713739 -0.025384756 0.998249710 0.053414248 -0.024657926 0.679296851 0.056425281 -0.731691301 1.179614067
-0.758568704 0.018296747 -0.651336312 -0.710312963 -0.025405467 0.998015046 0.057623401 -0.025461769 0.651097775 0.060258813 -0.756598055 1.175011158
-0.784179389 0.014635857 -0.620361745 -0.700202107 -0.025045766 0.998160660 0.055208616 -0.026257457 0.620028615 0.058830891 -0.782370389 1.172562599
-0.806786358 0.013318357 -0.590693355 -0.695470154 -0.024235625 0.998158634 0.055607192 -0.022885391 0.590346217 0.059178937 -0.804977894 1.171098232
-0.827298284 0.015944727 -0.561536610 -0.686321080 -0.023066506 0.997789860 0.062315386 -0.031509772 0.561289132 0.064506099 -0.825102031 1.171032667
-0.847689033 0.013390134 -0.530324399 -0.680748463 -0.021538503 0.997988284 0.059626058 -0.030365635 0.530056119 0.061966754 -0.845695436 1.171939015
-0.866668403 0.014817076 -0.498664469 -0.677142978 -0.019866699 0.997740805 0.064174294 -0.029080737 0.498488903 0.065524660 -0.864416182 1.170494080
-0.883811772 0.012284229 -0.467681080 -0.669914722 -0.018952135 0.997894526 0.062026203 -0.031953238 0.467458427 0.063683048 -0.881718278 1.169702768
-0.901447475 0.009655327 -0.432780832 -0.658798158 -0.019723291 0.997796893 0.063342839 -0.030292820 0.432438999 0.065636113 -0.899271071 1.170686126
-0.918242633 0.008455864 -0.395928025 -0.651904702 -0.018681059 0.997734129 0.064634070 -0.030868758 0.395577550 0.066746123 -0.916004062 1.170232654
-0.933197796 0.006884155 -0.359297335 -0.645271361 -0.017394796 0.997779131 0.064296737 -0.029708447 0.358942151 0.066251487 -0.931005538 1.170327425
-0.945911527 0.005626174 -0.324376166 -0.641153097 -0.016236458 0.997775614 0.064653046 -0.030303160 0.324018508 0.066422783 -0.943716109 1.170683742
-0.956074476 0.006081053 -0.293060899 -0.635532618 -0.013747536 0.997754335 0.065553159 -0.031190634 0.292801440 0.066702574 -0.953843892 1.171373010
-0.965459585 0.004440693 -0.260515451 -0.631804943 -0.013311972 0.997708201 0.066340327 -0.030707560 0.260213077 0.067516878 -0.963187814 1.170993209
-0.973644912 0.004299950 -0.228028893 -0.624615848 -0.011386801 0.997658789 0.067432590 -0.030478586 0.227785066 0.068251923 -0.971316576 1.171110988
-0.981789649 0.002973273 -0.189948067 -0.617910266 -0.010137118 0.997632980 0.068012007 -0.029960714 0.189700708 0.068699025 -0.979435682 1.170659542
-0.988905370 0.002288751 -0.148529217 -0.612979293 -0.007979717 0.997619033 0.068501547 -0.030000724 0.148332387 0.068926781 -0.986532629 1.172697306
-0.993388057 0.000149633 -0.114804775 -0.607284248 -0.007683623 0.997670293 0.067785546 -0.029090799 0.114547469 0.068219475 -0.991072655 1.172245145
-0.996492624 -0.002665355 -0.083637878 -0.608486056 -0.008363666 0.997660100 0.067854568 -0.027681060 0.083261333 0.068316102 -0.994183302 1.175007939
-0.996634543 -0.002318416 -0.081940457 -0.610732257 -0.007886510 0.997674823 0.067694798 -0.027423121 0.081592984 0.068113200 -0.994335592 1.175686479
-0.996650040 -0.002322465 -0.081752263 -0.610817432 -0.007886462 0.997667551 0.067802325 -0.027442683 0.081404105 0.068219937 -0.994343758 1.175587058
